1 15
1 3
1 2
1 10
1 11
1 6
1 4
1 8
1 7
2 12
2 14
2 17
2 1
2 3
2 8
2 10
2 6
3 12
3 17
3 1
3 2
3 10
3 8
4 9
4 14
4 17
4 1
4 13
4 6
4 10
4 11
5 9
5 8
5 13
5 6
5 10
6 1
6 7
6 2
6 8
6 11
6 4
6 5
7 1
7 8
7 11
7 6
8 12
8 1
8 7
8 2
8 3
8 6
8 5
8 13
9 17
9 16
9 11
9 4
9 5
10 1
10 2
10 3
10 4
10 5
11 9
11 12
11 1
11 7
11 6
11 4
12 3
12 2
12 8
12 15
12 14
12 17
12 11
13 15
13 14
13 17
13 16
13 8
13 5
13 4
14 12
14 13
14 16
14 17
14 4
14 2
15 12
15 1
15 13
16 9
16 14
16 17
16 13
17 9
17 12
17 14
17 16
17 2
17 3
17 13
17 4
