1 12
1 2
1 10
1 7
1 9
2 17
2 8
2 10
2 1
2 7
2 14
3 6
3 8
3 5
3 4
3 11
3 7
4 5
4 3
4 15
4 16
5 4
5 15
5 3
5 16
5 13
6 17
6 7
6 11
6 14
6 3
7 2
7 6
7 14
7 10
7 1
7 3
7 11
7 9
8 12
8 2
8 10
8 3
8 11
9 10
9 1
9 13
9 7
9 16
10 2
10 17
10 9
10 8
10 7
10 1
10 13
10 16
11 17
11 6
11 14
11 8
11 3
11 13
11 7
12 13
12 1
12 8
13 12
13 14
13 10
13 5
13 11
13 16
13 15
13 9
14 2
14 17
14 6
14 11
14 13
14 7
14 16
15 17
15 5
15 13
15 16
15 4
16 14
16 10
16 5
16 13
16 15
16 9
16 4
17 2
17 11
17 14
17 15
17 10
17 6
