1 8
1 13
1 11
1 3
1 9
1 2
1 4
1 5
2 8
2 13
2 10
2 11
2 9
2 1
2 4
2 17
3 13
3 10
3 12
3 15
3 17
3 5
3 14
3 16
3 1
3 4
3 7
4 3
4 14
4 2
4 1
4 5
4 17
5 3
5 14
5 1
5 4
5 17
6 8
6 10
6 15
6 7
6 16
7 8
7 10
7 3
7 9
7 6
8 9
8 7
8 10
8 6
8 2
8 1
9 8
9 13
9 2
9 1
9 7
10 8
10 13
10 6
10 7
10 16
10 15
10 11
10 2
10 3
11 10
11 2
11 17
11 1
11 12
12 13
12 11
12 3
13 12
13 9
13 14
13 1
13 2
13 3
13 10
14 13
14 15
14 3
14 5
14 4
14 16
15 10
15 16
15 3
15 14
15 6
16 10
16 15
16 3
16 14
16 6
17 11
17 3
17 2
17 5
17 4
