1 16
1 7
1 8
1 15
1 3
2 4
2 6
2 13
2 18
3 1
3 12
3 9
3 11
3 15
3 17
3 16
4 10
4 9
4 8
4 12
4 17
4 15
4 16
4 2
4 14
4 11
5 6
5 12
5 9
5 11
5 8
6 5
6 2
6 9
6 8
7 1
7 8
7 16
7 15
7 10
7 9
8 4
8 1
8 6
8 7
8 9
8 13
8 5
8 18
8 14
9 4
9 6
9 12
9 7
9 8
9 10
9 14
9 13
9 5
9 18
9 15
9 3
9 17
10 4
10 7
10 9
10 11
11 4
11 12
11 10
11 17
11 5
11 3
12 4
12 11
12 17
12 9
12 5
12 3
13 9
13 14
13 16
13 8
13 2
13 17
14 4
14 9
14 13
14 8
14 16
15 4
15 1
15 7
15 9
15 16
15 3
16 4
16 1
16 7
16 13
16 14
16 15
16 3
17 4
17 12
17 9
17 13
17 11
17 3
18 9
18 8
18 2
