1 8
1 11
1 9
1 13
1 10
1 2
1 18
1 3
2 8
2 15
2 14
2 13
2 1
2 3
2 18
3 8
3 15
3 13
3 2
3 1
3 18
3 12
4 5
4 8
4 15
4 9
4 11
4 10
4 16
4 7
4 6
4 14
4 12
5 10
5 7
5 16
5 6
5 15
5 8
5 11
5 9
5 4
5 12
5 14
6 5
6 4
6 15
6 7
6 17
6 9
6 10
6 16
7 5
7 8
7 4
7 15
7 10
7 16
7 11
7 9
7 14
7 6
7 17
7 12
8 5
8 10
8 1
8 9
8 18
8 11
8 16
8 7
8 14
8 2
8 3
8 4
8 15
9 5
9 8
9 4
9 15
9 7
9 6
9 16
9 11
9 14
9 10
9 1
9 18
9 12
10 5
10 8
10 4
10 15
10 7
10 6
10 16
10 11
10 14
10 9
10 1
10 18
10 12
11 5
11 8
11 4
11 15
11 7
11 16
11 10
11 9
11 14
11 13
11 1
11 18
12 5
12 4
12 15
12 7
12 16
12 9
12 13
12 10
12 3
13 15
13 11
13 3
13 12
13 2
13 1
14 5
14 8
14 4
14 15
14 7
14 16
14 11
14 10
14 9
14 2
15 5
15 8
15 4
15 9
15 2
15 11
15 10
15 14
15 12
15 3
15 13
15 16
15 7
15 6
16 5
16 8
16 4
16 15
16 7
16 6
16 10
16 11
16 9
16 14
16 12
17 7
17 6
17 18
18 8
18 17
18 11
18 9
18 10
18 2
18 1
18 3
