1 2
1 15
2 16
2 13
2 9
2 8
2 1
3 16
3 6
3 12
3 13
3 8
3 11
3 15
3 9
3 10
3 7
3 5
4 16
4 6
4 12
4 7
4 9
4 8
4 10
4 5
4 17
5 16
5 6
5 12
5 13
5 3
5 7
5 9
5 8
5 4
5 18
5 11
5 15
6 16
6 12
6 7
6 5
6 11
6 15
6 8
6 3
6 13
6 18
6 4
6 10
6 9
7 16
7 6
7 12
7 13
7 3
7 18
7 5
7 11
7 15
7 8
7 17
7 4
8 16
8 6
8 12
8 13
8 3
8 7
8 2
8 9
8 15
8 11
8 10
8 17
8 4
8 5
9 16
9 6
9 12
9 13
9 3
9 2
9 8
9 15
9 11
9 4
9 5
9 10
9 17
10 6
10 12
10 3
10 9
10 8
10 11
10 17
10 4
10 15
10 18
11 16
11 6
11 12
11 13
11 3
11 7
11 9
11 8
11 10
11 5
11 15
11 17
12 16
12 6
12 3
12 15
12 8
12 11
12 7
12 5
12 18
12 13
12 9
12 4
12 10
13 16
13 6
13 12
13 18
13 7
13 2
13 9
13 3
13 15
13 11
13 8
13 17
13 5
15 16
15 6
15 12
15 13
15 3
15 7
15 9
15 8
15 10
15 5
15 11
15 1
16 13
16 18
16 7
16 17
16 12
16 4
16 5
16 6
16 8
16 15
16 11
16 3
16 2
16 9
17 16
17 13
17 7
17 9
17 8
17 10
17 4
17 18
17 11
18 16
18 6
18 12
18 13
18 7
18 10
18 17
18 5
