1 3
1 11
1 7
1 9
1 14
1 2
1 8
1 15
1 12
1 10
1 13
2 3
2 11
2 7
2 9
2 14
2 1
2 12
2 13
2 8
2 10
2 15
3 2
3 15
3 11
3 16
3 5
3 17
3 4
3 1
3 12
3 13
4 3
4 11
4 7
4 16
4 9
4 6
4 8
4 12
4 10
4 13
4 5
5 3
5 7
5 14
5 6
5 4
5 12
5 13
6 11
6 7
6 16
6 9
6 4
6 12
6 5
6 8
6 10
6 13
7 11
7 17
7 9
7 10
7 8
7 15
7 6
7 5
7 12
7 13
7 1
7 2
7 4
8 11
8 7
8 9
8 6
8 2
8 10
8 15
8 13
8 4
8 12
8 1
9 11
9 7
9 8
9 10
9 15
9 13
9 1
9 2
9 4
9 12
9 6
10 11
10 7
10 9
10 6
10 2
10 8
10 15
10 4
10 12
10 13
10 1
11 3
11 7
11 9
11 15
11 8
11 10
11 1
11 12
11 13
11 17
11 2
11 4
11 6
12 3
12 11
12 7
12 16
12 9
12 6
12 2
12 8
12 15
12 4
12 13
12 10
12 5
12 1
13 3
13 11
13 7
13 9
13 6
13 2
13 8
13 15
13 4
13 12
13 10
13 1
13 5
14 16
14 1
14 2
14 5
15 3
15 11
15 17
15 7
15 9
15 2
15 8
15 1
15 10
15 12
15 13
16 3
16 17
16 6
16 4
16 12
16 14
17 3
17 11
17 16
17 15
17 7
