1 3
1 15
1 2
1 16
1 7
1 8
2 3
2 13
2 15
2 14
2 1
2 4
2 7
3 7
3 1
3 15
3 16
3 14
3 12
3 9
3 11
3 8
3 2
4 6
4 13
4 2
4 5
4 8
4 7
4 16
5 6
5 13
5 4
5 16
5 8
5 7
6 5
6 7
6 8
6 13
6 14
6 4
6 16
7 3
7 6
7 15
7 2
7 5
7 4
7 16
7 1
7 8
8 3
8 6
8 13
8 15
8 14
8 5
8 4
8 1
8 7
9 3
9 14
9 16
9 10
9 11
9 12
10 14
10 9
10 11
10 12
11 3
11 14
11 16
11 9
11 10
11 12
12 3
12 13
12 14
12 9
12 10
12 11
13 6
13 14
13 8
13 5
13 15
13 4
13 2
13 12
14 3
14 6
14 13
14 15
14 12
14 10
14 9
14 11
14 8
14 2
15 3
15 13
15 8
15 14
15 2
15 1
15 7
16 3
16 6
16 5
16 4
16 1
16 7
16 11
16 9
