1 15
1 11
1 13
1 8
1 14
1 5
1 17
1 6
1 10
2 15
2 10
2 6
2 16
2 4
2 18
3 11
3 12
3 8
3 6
3 16
3 4
3 10
3 7
4 2
4 17
4 3
4 5
4 16
4 18
4 9
5 13
5 1
5 9
5 14
5 4
6 11
6 2
6 12
6 1
6 10
6 17
6 18
6 3
6 16
7 12
7 8
7 17
7 3
7 9
7 16
8 15
8 12
8 17
8 7
8 3
8 16
8 18
8 1
9 13
9 5
9 4
9 7
10 11
10 2
10 1
10 6
10 17
10 3
10 18
11 1
11 3
11 12
11 16
11 6
11 10
12 11
12 16
12 3
12 7
12 6
12 8
13 15
13 1
13 14
13 5
13 9
14 13
14 1
14 5
15 2
15 13
15 1
15 17
15 8
16 11
16 2
16 12
16 8
16 6
16 3
16 4
16 7
17 15
17 8
17 1
17 6
17 18
17 4
17 7
17 10
18 2
18 8
18 6
18 17
18 4
18 10
