1 16
1 3
1 11
1 12
1 14
1 4
1 5
1 2
2 16
2 17
2 8
2 1
2 15
3 16
3 7
3 8
3 6
3 1
3 4
4 17
4 3
4 7
4 10
4 9
4 12
4 14
4 5
4 13
4 1
4 6
5 17
5 10
5 9
5 11
5 12
5 14
5 4
5 6
5 1
5 13
6 3
6 7
6 11
6 12
6 4
6 5
6 15
7 17
7 3
7 12
7 8
7 9
7 11
7 15
7 4
7 6
8 17
8 3
8 7
8 12
8 2
8 14
9 16
9 17
9 7
9 15
9 5
9 4
10 13
10 4
10 5
10 14
11 16
11 17
11 7
11 12
11 15
11 1
11 6
11 5
12 16
12 17
12 7
12 8
12 11
12 1
12 5
12 4
12 6
12 15
13 10
13 14
13 4
13 5
14 16
14 17
14 10
14 8
14 1
14 15
14 13
14 4
14 5
15 16
15 17
15 7
15 9
15 11
15 12
15 14
15 2
15 6
16 17
16 15
16 1
16 2
16 3
16 14
16 12
16 11
16 9
17 16
17 15
17 12
17 7
17 14
17 11
17 8
17 5
17 4
17 2
17 9
