1 10
1 16
1 7
1 4
1 2
1 3
1 8
1 9
2 16
2 7
2 1
2 3
2 9
2 6
2 17
3 16
3 7
3 1
3 2
3 9
3 8
4 16
4 7
4 14
4 13
4 12
4 1
4 5
5 16
5 7
5 4
5 14
5 12
5 6
5 15
5 13
5 11
6 16
6 7
6 14
6 12
6 2
6 5
6 13
6 15
6 11
6 17
7 16
7 6
7 13
7 17
7 12
7 3
7 1
7 2
7 4
7 11
7 5
8 1
8 3
8 15
8 9
9 16
9 1
9 2
9 3
9 8
10 15
10 13
10 1
10 11
11 10
11 16
11 7
11 6
11 15
11 13
11 5
12 7
12 4
12 14
12 17
12 13
12 6
12 5
13 10
13 7
13 4
13 14
13 12
13 6
13 11
13 5
13 17
14 4
14 13
14 12
14 6
14 5
14 17
15 10
15 6
15 11
15 8
15 5
16 7
16 6
16 11
16 5
16 3
16 1
16 2
16 4
16 9
17 7
17 14
17 12
17 2
17 6
17 13
