1 10
1 11
1 3
1 2
1 5
2 10
2 1
2 5
2 12
3 10
3 6
3 11
3 1
3 12
4 7
4 12
4 16
4 14
4 15
5 11
5 16
5 1
5 2
5 14
5 17
6 10
6 3
6 17
6 11
6 15
6 12
7 11
7 10
7 4
7 14
8 9
8 13
8 12
8 15
8 16
8 14
9 8
9 15
9 16
9 14
9 17
9 12
10 7
10 1
10 11
10 3
10 2
10 6
10 16
11 7
11 10
11 6
11 16
11 14
11 15
11 5
11 1
11 3
11 12
12 9
12 4
12 6
12 11
12 3
12 8
12 16
12 2
12 17
13 8
14 9
14 7
14 4
14 11
14 8
14 16
14 15
14 5
15 9
15 4
15 6
15 11
15 8
15 16
15 14
16 9
16 4
16 10
16 11
16 8
16 14
16 15
16 5
16 12
17 9
17 6
17 12
17 5
