1 4
1 3
1 2
1 18
1 14
2 4
2 3
2 11
2 14
2 10
2 5
2 8
2 18
2 1
3 7
3 4
3 9
3 2
3 10
3 18
3 1
3 5
3 8
4 7
4 5
4 3
4 8
4 2
4 18
4 1
4 6
4 10
5 7
5 4
5 3
5 2
5 6
5 8
5 13
6 4
6 9
6 15
6 14
6 8
6 5
6 18
7 8
7 12
7 9
7 11
7 5
7 4
7 13
7 16
7 10
7 3
8 7
8 4
8 9
8 3
8 2
8 6
8 5
8 16
8 12
8 11
8 10
9 7
9 10
9 8
9 3
9 6
10 7
10 4
10 9
10 3
10 2
10 8
11 7
11 2
11 16
11 12
11 8
12 7
12 13
12 8
12 11
13 7
13 5
13 12
13 15
14 2
14 6
14 18
14 16
14 15
14 1
14 17
15 6
15 18
15 14
15 13
16 7
16 11
16 8
16 14
17 14
18 4
18 3
18 2
18 6
18 1
18 14
18 15
