1 2
1 7
1 12
1 3
1 17
1 13
1 18
1 4
2 7
2 1
2 8
2 6
2 18
2 17
3 15
3 12
3 4
3 8
3 11
3 13
3 17
3 1
4 5
4 3
4 17
4 11
4 1
5 12
5 8
5 13
5 9
5 4
6 16
6 2
6 7
6 14
6 12
6 10
7 16
7 2
7 6
7 10
7 18
7 17
7 8
7 14
7 12
7 1
8 2
8 7
8 12
8 5
8 3
8 13
9 12
9 5
9 10
9 11
9 14
10 6
10 7
10 12
10 9
10 11
10 14
11 15
11 12
11 3
11 9
11 10
11 14
11 4
12 6
12 7
12 14
12 13
12 11
12 10
12 9
12 5
12 8
12 3
12 17
12 1
13 12
13 5
13 3
13 17
13 8
13 1
13 14
14 15
14 6
14 7
14 12
14 9
14 11
14 10
14 13
15 3
15 11
15 14
16 6
16 7
17 2
17 7
17 12
17 3
17 18
17 1
17 13
17 4
18 2
18 7
18 17
18 1
