1 9
1 10
1 15
1 4
1 2
2 5
2 15
2 6
2 16
2 3
2 7
2 11
2 17
2 1
3 9
3 10
3 15
3 16
3 17
3 2
3 14
3 7
4 5
4 6
4 1
4 8
4 12
4 11
5 13
5 8
5 6
5 7
5 11
5 12
5 17
5 15
5 2
5 4
5 10
6 13
6 5
6 9
6 10
6 15
6 2
6 4
6 8
7 5
7 15
7 16
7 12
7 3
7 8
7 2
8 13
8 5
8 6
8 4
8 12
8 7
8 11
8 17
9 14
9 10
9 17
9 6
9 3
9 1
10 13
10 5
10 9
10 6
10 1
10 17
10 3
10 14
11 5
11 15
11 4
11 12
11 8
11 2
12 5
12 4
12 16
12 11
12 8
12 7
13 8
13 5
13 6
13 10
14 9
14 10
14 3
14 17
15 5
15 2
15 16
15 6
15 7
15 11
15 1
15 3
16 15
16 7
16 12
16 2
16 3
17 5
17 9
17 10
17 3
17 8
17 2
17 14
