1 2
1 4
1 10
1 13
1 12
1 11
2 4
2 5
2 18
2 1
2 13
2 15
2 8
2 6
2 9
3 9
4 2
4 15
4 1
4 8
4 16
5 2
5 15
5 7
5 6
5 9
5 8
6 2
6 15
6 5
6 7
6 8
6 10
6 9
7 15
7 5
7 6
7 9
7 8
7 17
7 18
8 2
8 4
8 5
8 7
8 16
8 9
8 6
8 14
8 18
8 17
9 3
9 2
9 5
9 7
9 8
9 10
9 6
9 16
10 15
10 6
10 9
10 18
10 12
10 13
10 1
11 15
11 1
11 17
11 12
11 13
12 10
12 1
12 17
12 13
12 11
13 2
13 10
13 1
13 17
13 12
13 11
14 8
14 17
14 16
14 18
15 2
15 4
15 5
15 6
15 7
15 16
15 11
15 10
15 18
16 4
16 15
16 8
16 14
16 9
17 7
17 8
17 14
17 18
17 13
17 12
17 11
18 2
18 15
18 7
18 8
18 10
18 14
18 17
