1 7
1 14
1 10
1 13
2 7
2 9
2 15
2 5
2 6
2 11
3 7
3 14
3 15
3 5
3 8
3 13
3 4
3 12
4 7
4 9
4 14
4 5
4 13
4 3
4 11
5 17
5 9
5 10
5 11
5 3
5 4
5 8
5 13
5 2
5 12
6 15
6 2
7 14
7 8
7 3
7 4
7 11
7 1
7 2
8 17
8 7
8 9
8 14
8 10
8 5
8 11
8 13
8 3
9 17
9 8
9 11
9 5
9 10
9 2
9 4
9 12
9 14
9 13
10 17
10 9
10 14
10 8
10 13
10 11
10 5
10 1
11 7
11 9
11 10
11 5
11 8
11 2
11 4
11 12
12 9
12 5
12 3
12 11
13 9
13 14
13 10
13 5
13 8
13 3
13 4
13 1
14 7
14 9
14 13
14 8
14 3
14 4
14 1
14 10
15 17
15 3
15 6
15 2
17 5
17 10
17 9
17 8
17 15
