1 5
1 2
1 11
1 8
1 15
2 5
2 1
2 11
2 8
2 4
2 3
2 10
3 7
3 14
3 2
3 11
3 13
3 9
3 16
3 17
3 12
4 5
4 2
4 11
4 17
4 16
5 16
5 15
5 12
5 11
5 2
5 17
5 9
5 4
5 1
6 7
6 11
6 10
6 9
7 9
7 6
7 8
7 3
8 7
8 14
8 2
8 1
8 9
9 7
9 5
9 14
9 3
9 6
9 8
9 13
9 16
10 14
10 2
10 11
10 16
10 17
10 6
11 5
11 14
11 2
11 4
11 6
11 10
11 3
11 1
11 13
12 5
12 14
12 3
12 13
12 15
13 14
13 11
13 3
13 9
13 16
13 12
13 15
13 17
14 13
14 3
14 16
14 17
14 12
14 11
14 8
14 9
14 10
15 5
15 1
15 12
15 13
16 5
16 14
16 3
16 10
16 9
16 4
16 17
16 13
17 5
17 14
17 3
17 10
17 4
17 16
17 13
