1 4
1 15
1 12
1 11
2 9
2 6
2 15
2 13
3 8
3 9
3 7
3 16
3 14
3 10
3 11
3 5
4 7
4 1
4 15
4 12
5 8
5 3
5 7
5 9
5 6
5 11
6 8
6 9
6 2
6 5
6 13
6 15
7 17
7 8
7 3
7 9
7 5
7 13
7 10
7 4
8 17
8 9
8 7
8 5
8 3
8 13
8 10
8 6
9 17
9 8
9 3
9 7
9 10
9 13
9 5
9 2
9 11
9 15
9 6
10 8
10 3
10 7
10 11
10 14
10 16
10 9
10 13
11 3
11 10
11 9
11 16
11 5
11 13
11 1
11 14
12 4
12 15
12 1
13 8
13 7
13 10
13 9
13 2
13 15
13 6
13 11
14 3
14 10
14 16
14 11
15 9
15 2
15 4
15 13
15 12
15 6
15 1
16 17
16 3
16 10
16 14
16 11
17 16
17 8
17 7
17 9
