1 12
1 9
1 7
1 8
1 4
2 12
2 5
2 7
2 3
2 8
2 11
2 4
3 5
3 7
3 2
3 11
3 4
3 8
4 9
4 7
4 3
4 8
4 6
4 2
4 13
4 1
4 14
4 17
5 12
5 7
5 3
5 9
5 8
5 17
5 2
5 16
5 15
6 9
6 7
6 8
6 17
6 4
6 15
7 5
7 9
7 8
7 3
7 2
7 6
7 17
7 1
7 4
7 16
7 15
8 5
8 9
8 7
8 3
8 4
8 1
8 2
8 14
8 13
8 6
9 5
9 7
9 6
9 8
9 1
9 4
11 12
11 3
11 2
11 13
11 17
12 11
12 17
12 13
12 2
12 5
12 1
13 12
13 8
13 14
13 4
13 11
13 16
14 8
14 13
14 16
14 4
14 15
15 5
15 7
15 6
15 14
15 16
15 17
16 5
16 7
16 13
16 14
16 15
16 17
17 12
17 5
17 7
17 6
17 16
17 4
17 15
17 11
