1 16
1 15
1 7
1 2
1 13
1 9
1 17
1 6
1 19
2 16
2 7
2 1
2 13
2 19
2 9
2 12
2 8
3 16
3 15
3 19
3 18
3 11
3 17
3 5
4 10
4 5
4 6
4 19
4 18
5 10
5 3
5 4
5 11
5 6
5 18
5 17
6 16
6 10
6 9
6 5
6 1
6 4
6 18
6 19
7 12
7 13
7 2
7 1
8 16
8 15
8 2
8 13
8 14
8 12
8 19
9 16
9 15
9 2
9 1
9 6
9 17
9 11
10 16
10 15
10 17
10 19
10 18
10 5
10 4
10 6
11 14
11 9
11 3
11 5
11 19
11 12
11 17
12 7
12 2
12 13
12 14
12 8
12 11
13 7
13 2
13 12
13 8
13 1
13 14
14 15
14 13
14 12
14 17
14 11
14 8
15 16
15 8
15 9
15 1
15 3
15 14
15 10
16 15
16 9
16 1
16 3
16 8
16 6
16 2
16 17
16 10
17 16
17 10
17 14
17 9
17 3
17 5
17 1
17 11
18 10
18 3
18 5
18 6
18 19
18 4
19 10
19 2
19 3
19 1
19 8
19 6
19 11
19 18
19 4
