1 13
1 2
1 10
1 6
1 11
2 13
2 1
2 10
2 11
2 12
2 6
3 11
3 12
3 6
3 8
4 10
4 11
4 12
4 7
4 6
5 16
5 11
5 12
5 9
6 1
6 10
6 15
6 2
6 11
6 12
6 7
6 4
6 3
7 13
7 10
7 15
7 14
7 11
7 6
7 4
7 9
7 8
8 15
8 11
8 12
8 7
8 3
9 16
9 13
9 15
9 7
9 5
10 13
10 1
10 11
10 4
10 12
10 14
10 15
10 7
10 2
10 6
11 13
11 1
11 10
11 14
11 2
11 12
11 4
11 6
11 7
11 5
11 8
11 3
12 13
12 10
12 15
12 14
12 2
12 11
12 6
12 8
12 3
12 5
12 4
13 15
13 14
13 12
13 11
13 9
13 7
13 2
13 1
13 10
14 13
14 10
14 15
14 12
14 7
14 11
15 13
15 10
15 7
15 14
15 9
15 6
15 12
15 8
16 9
16 5
