1 4
1 2
1 6
2 4
2 9
2 3
2 1
3 4
3 11
3 2
3 9
3 6
3 10
3 14
3 18
4 11
4 3
4 6
4 12
4 13
4 5
4 9
4 2
4 1
4 10
4 14
5 4
5 8
5 7
6 4
6 9
6 8
6 1
6 16
6 3
7 5
7 12
7 9
7 8
7 15
7 18
7 17
7 13
7 16
8 5
8 12
8 9
8 7
8 6
8 15
8 18
8 13
8 17
9 4
9 11
9 2
9 3
9 8
9 6
9 7
9 15
10 4
10 14
10 13
10 3
11 4
11 12
11 9
11 3
12 4
12 11
12 8
12 7
13 4
13 7
13 8
13 10
13 16
13 14
14 4
14 10
14 16
14 13
14 3
15 9
15 7
15 8
15 16
15 17
15 18
16 7
16 6
16 18
16 17
16 15
16 13
16 14
17 7
17 8
17 16
17 18
17 15
18 7
18 8
18 16
18 17
18 3
18 15
