1 11
1 5
2 3
2 14
2 15
2 13
2 16
2 4
2 9
3 2
3 9
3 16
3 12
3 13
3 4
3 15
3 5
3 14
4 3
4 2
4 16
4 6
4 8
4 15
4 7
5 3
5 14
5 1
5 10
5 6
5 9
5 8
5 11
5 7
6 10
6 8
6 7
6 4
6 15
6 11
6 9
6 5
7 14
7 16
7 6
7 9
7 8
7 15
7 11
7 4
7 5
8 13
8 12
8 6
8 9
8 7
8 4
8 15
8 5
8 11
9 3
9 2
9 6
9 5
9 8
9 7
10 11
10 6
10 5
11 14
11 1
11 10
11 6
11 8
11 5
11 7
12 3
12 14
12 13
12 8
12 16
13 3
13 14
13 2
13 12
13 8
14 3
14 13
14 11
14 5
14 12
14 2
14 7
15 3
15 2
15 16
15 6
15 8
15 4
15 7
16 3
16 2
16 12
16 4
16 15
16 7
