1 13
1 10
1 14
1 17
1 15
2 6
2 9
2 8
2 4
2 3
2 16
3 6
3 13
3 9
3 8
3 2
3 4
3 16
4 9
4 8
4 10
4 2
4 3
4 7
4 16
4 5
5 9
5 8
5 4
5 16
6 10
6 17
6 15
6 3
6 11
6 12
6 16
6 2
6 8
7 4
8 6
8 9
8 2
8 5
8 4
8 3
9 8
9 2
9 4
9 3
9 5
10 6
10 13
10 17
10 11
10 12
10 16
10 4
10 14
10 1
11 6
11 10
11 14
11 12
11 17
11 15
12 6
12 10
12 14
12 11
12 17
13 1
13 17
13 15
13 14
13 10
13 3
14 13
14 10
14 11
14 15
14 17
14 12
14 1
15 6
15 13
15 14
15 11
15 17
15 1
16 6
16 10
16 2
16 3
16 4
16 17
16 5
17 6
17 13
17 10
17 14
17 11
17 12
17 1
17 16
17 15
