1 2
1 3
1 7
1 4
1 6
1 5
1 9
2 5
2 6
2 9
2 1
2 11
2 12
2 14
2 13
3 16
3 1
3 4
4 3
4 15
4 17
4 1
4 16
4 18
4 10
5 2
5 15
5 17
5 1
5 7
5 16
5 11
5 13
5 6
5 8
5 9
6 2
6 1
6 11
6 12
6 13
6 9
6 5
6 8
7 1
7 18
7 16
7 8
7 5
7 9
8 15
8 17
8 7
8 16
8 13
8 6
8 5
8 18
9 2
9 15
9 1
9 7
9 11
9 12
9 13
9 6
9 5
10 15
10 17
10 11
10 12
10 13
10 4
11 2
11 17
11 12
11 6
11 9
11 14
11 5
11 10
12 2
12 17
12 11
12 14
12 6
12 9
12 10
13 2
13 15
13 17
13 8
13 5
13 6
13 14
13 9
13 10
14 2
14 11
14 12
14 13
15 16
15 9
15 4
15 5
15 8
15 13
15 10
16 3
16 15
16 7
16 4
16 5
16 8
17 10
17 12
17 11
17 4
17 13
17 5
17 8
18 7
18 4
18 8
