1 16
1 8
1 11
1 17
1 6
1 12
1 3
1 7
2 4
2 16
2 8
2 3
2 11
2 12
2 5
3 4
3 16
3 8
3 2
3 11
3 6
3 12
3 1
3 13
3 7
4 5
4 2
4 8
4 11
4 16
4 6
4 9
4 3
4 14
5 4
5 16
5 8
5 2
5 9
5 11
5 6
5 7
5 14
6 4
6 16
6 9
6 17
6 5
6 7
6 3
6 12
6 14
6 1
7 9
7 17
7 5
7 6
7 12
7 3
7 14
7 1
8 4
8 2
8 9
8 12
8 13
8 14
8 3
8 5
8 1
9 4
9 16
9 8
9 5
9 6
9 11
9 7
9 13
10 15
10 16
10 11
11 15
11 4
11 16
11 2
11 9
11 10
11 5
11 1
11 3
12 8
12 2
12 6
12 13
12 3
12 1
12 7
13 16
13 8
13 9
13 12
13 3
14 4
14 8
14 17
14 5
14 6
14 7
15 10
15 11
16 4
16 11
16 13
16 1
16 9
16 5
16 6
16 10
16 2
16 3
17 1
17 7
17 6
17 14
