1 12
1 9
1 2
2 14
2 17
2 11
2 10
2 1
2 18
3 14
3 15
3 16
3 12
3 9
3 5
3 4
3 6
4 14
4 16
4 12
4 9
4 3
4 8
4 17
5 14
5 16
5 12
5 11
5 6
5 10
5 17
5 13
5 3
6 14
6 5
6 3
6 8
6 11
7 15
7 13
7 18
7 12
8 14
8 15
8 16
8 10
8 11
8 4
8 6
9 14
9 12
9 1
9 13
9 17
9 4
9 3
10 15
10 2
10 18
10 5
10 8
10 11
10 17
11 15
11 16
11 12
11 2
11 5
11 13
11 8
11 10
11 6
11 17
12 14
12 7
12 9
12 13
12 17
12 4
12 3
12 11
12 5
12 1
13 15
13 7
13 12
13 9
13 5
13 11
14 2
14 17
14 16
14 4
14 3
14 5
14 6
14 12
14 9
14 8
15 10
15 17
15 7
15 13
15 3
15 8
15 18
15 11
16 14
16 4
16 8
16 5
16 11
16 17
16 3
17 14
17 15
17 16
17 12
17 9
17 2
17 18
17 5
17 4
17 10
17 11
18 15
18 7
18 2
18 17
18 10
