1 15
2 7
2 10
2 3
2 4
2 9
2 11
3 7
3 10
3 5
3 2
3 16
3 17
3 9
3 11
4 5
4 14
4 6
4 2
5 8
5 10
5 4
5 14
5 6
5 15
5 3
5 12
5 13
5 11
6 7
6 5
6 4
6 16
6 17
7 6
7 8
7 16
7 2
7 3
8 7
8 15
8 14
8 11
8 10
8 9
8 5
9 8
9 10
9 3
9 2
9 11
9 13
9 15
10 8
10 9
10 11
10 3
10 5
10 15
10 2
10 16
10 17
10 13
11 8
11 10
11 5
11 3
11 2
11 9
11 12
11 15
11 13
12 5
12 16
12 17
12 13
12 11
12 15
13 10
13 5
13 9
13 12
13 11
14 8
14 5
14 4
14 17
14 16
14 15
15 8
15 10
15 5
15 14
15 16
15 9
15 12
15 11
15 1
16 7
16 10
16 14
16 3
16 17
16 6
16 15
16 12
17 10
17 14
17 3
17 16
17 12
17 6
