1 8
1 10
1 5
1 4
1 7
1 14
1 3
1 17
1 11
2 15
2 5
2 4
2 7
2 9
2 13
2 14
3 7
3 1
3 9
3 17
3 16
3 6
3 11
4 8
4 15
4 13
4 1
4 2
4 14
5 15
5 11
5 12
5 9
5 6
5 1
5 2
5 17
5 16
5 7
6 10
6 15
6 5
6 12
6 9
6 3
6 16
7 15
7 5
7 3
7 17
7 11
7 1
7 2
7 16
8 1
8 10
8 4
9 15
9 5
9 12
9 6
9 2
9 3
10 8
10 1
10 6
10 16
10 17
11 5
11 7
11 12
11 1
11 3
11 17
11 16
12 5
12 9
12 6
12 11
13 15
13 4
13 14
13 2
14 15
14 4
14 1
14 13
14 2
15 2
15 4
15 5
15 6
15 9
15 13
15 14
15 7
16 10
16 5
16 7
16 3
16 17
16 11
16 6
17 10
17 5
17 7
17 1
17 3
17 16
17 11
