1 10
1 8
1 7
1 11
1 15
1 9
2 13
2 14
2 16
2 4
2 7
2 3
3 14
3 16
3 6
3 4
3 7
3 5
3 8
3 17
3 2
4 13
4 14
4 2
4 3
4 8
4 7
5 6
5 12
5 7
5 3
5 8
6 12
6 8
6 5
6 7
6 3
7 6
7 12
7 4
7 1
7 5
7 8
7 3
7 2
8 6
8 12
8 4
8 1
8 7
8 3
8 5
9 13
9 14
9 10
9 1
9 11
9 17
9 15
10 13
10 16
10 11
10 9
10 17
10 15
10 1
11 13
11 10
11 1
11 9
11 15
11 17
12 16
12 6
12 8
12 5
12 7
13 17
13 14
13 9
13 11
13 10
13 16
13 4
13 2
14 13
14 4
14 2
14 9
14 3
14 17
15 10
15 1
15 11
15 9
16 13
16 17
16 3
16 12
16 10
16 2
17 13
17 14
17 16
17 10
17 3
17 11
17 9
