1 15
1 16
1 3
1 14
1 4
2 10
2 12
2 5
2 3
2 14
2 4
2 8
3 6
3 15
3 16
3 7
3 5
3 4
3 14
3 2
3 1
3 13
3 11
4 16
4 5
4 3
4 13
4 14
4 2
4 1
4 11
5 6
5 15
5 16
5 7
5 3
5 14
5 4
5 2
6 7
6 14
6 3
6 5
7 6
7 5
7 14
7 3
8 12
8 2
9 16
9 10
9 13
9 11
10 16
10 11
10 9
10 13
10 2
11 15
11 10
11 12
11 3
11 13
11 14
11 9
11 4
12 13
12 11
12 8
12 2
13 15
13 10
13 12
13 3
13 11
13 14
13 9
13 4
14 6
14 15
14 16
14 7
14 5
14 3
14 13
14 2
14 1
14 4
14 11
15 14
15 16
15 1
15 3
15 5
15 11
15 13
16 15
16 1
16 4
16 9
16 10
16 3
16 14
16 5
