1 14
1 16
1 6
1 17
1 2
1 15
1 11
2 14
2 1
2 15
2 11
2 7
3 14
3 16
3 17
3 13
3 10
3 15
3 8
4 5
4 8
4 10
5 14
5 4
5 15
5 12
5 11
5 10
6 8
6 1
7 11
7 2
8 14
8 16
8 4
8 6
8 17
8 3
9 14
9 16
9 17
9 10
9 15
10 14
10 4
10 5
10 13
10 9
10 3
10 15
11 17
11 5
11 13
11 1
11 12
11 15
11 2
11 7
12 14
12 16
12 17
12 5
12 13
12 11
12 15
13 14
13 16
13 17
13 15
13 3
13 12
13 10
13 11
14 15
14 2
14 1
14 5
14 17
14 13
14 9
14 10
14 8
14 12
14 3
15 14
15 16
15 17
15 5
15 13
15 10
15 1
15 12
15 2
15 9
15 11
15 3
16 8
16 17
16 3
16 12
16 13
16 15
16 9
16 1
17 14
17 16
17 13
17 15
17 3
17 12
17 9
17 8
17 1
17 11
