1 12
1 3
1 2
1 10
1 9
1 11
1 14
2 12
2 3
2 1
2 10
2 11
3 12
3 1
3 13
3 9
3 14
3 2
3 11
3 10
4 17
4 10
4 16
5 12
5 15
5 13
5 11
6 11
6 8
6 14
6 7
7 17
7 15
7 16
7 6
7 8
8 15
8 16
8 6
8 7
9 12
9 17
9 3
9 1
9 10
9 14
10 12
10 17
10 3
10 1
10 4
10 2
10 9
11 12
11 17
11 3
11 5
11 1
11 2
11 15
11 6
12 17
12 11
12 16
12 5
12 15
12 9
12 10
12 1
12 3
12 2
13 3
13 5
13 15
14 3
14 1
14 9
14 6
15 12
15 17
15 5
15 13
15 16
15 7
15 8
15 11
16 12
16 17
16 4
16 15
16 7
16 8
17 12
17 16
17 11
17 4
17 7
17 15
17 9
17 10
