1 6
1 13
1 18
1 10
1 5
2 9
2 18
2 3
2 8
2 14
2 17
3 9
3 6
3 18
3 7
3 2
3 13
3 11
4 16
4 17
5 1
5 10
5 6
5 13
5 18
5 8
5 16
5 11
5 12
6 1
6 10
6 5
6 13
6 18
6 16
6 3
7 3
7 12
7 8
8 9
8 10
8 5
8 11
8 12
8 2
8 7
8 14
8 15
8 17
9 2
9 3
9 12
9 11
9 8
9 18
10 1
10 11
10 12
10 5
10 8
10 6
11 9
11 10
11 5
11 3
11 12
11 8
12 9
12 10
12 5
12 18
12 11
12 7
12 17
12 16
12 8
12 14
12 15
13 1
13 6
13 5
13 18
13 3
14 12
14 8
14 16
14 17
14 15
14 2
15 12
15 8
15 14
15 17
16 6
16 5
16 12
16 4
16 17
16 14
17 12
17 8
17 4
17 16
17 14
17 15
17 2
18 1
18 9
18 6
18 5
18 13
18 3
18 2
18 12
