1 5
1 13
1 2
1 8
1 11
2 5
2 17
2 7
2 13
2 1
2 11
2 8
3 5
3 12
3 9
3 10
3 4
3 11
4 5
4 9
4 3
4 8
5 4
5 3
5 2
5 1
5 12
5 16
6 17
6 7
6 9
7 6
7 17
7 2
7 10
7 16
7 13
7 11
8 2
8 9
8 11
8 4
8 1
9 6
9 17
9 8
9 11
9 3
9 18
9 4
10 17
10 7
10 13
10 12
10 16
10 3
10 11
11 17
11 7
11 12
11 2
11 9
11 16
11 3
11 8
11 1
11 10
12 5
12 10
12 3
12 11
13 14
13 7
13 2
13 1
13 15
13 10
14 15
14 13
14 17
15 14
15 17
15 13
16 5
16 17
16 7
16 10
16 11
17 6
17 14
17 7
17 16
17 2
17 18
17 10
17 11
17 15
17 9
18 17
18 9
