1 5
1 2
1 3
1 4
1 17
1 16
1 15
2 1
2 8
2 14
2 3
2 11
2 12
3 5
3 1
3 2
3 16
3 4
3 15
3 17
4 5
4 1
4 11
4 18
4 7
4 12
4 6
4 3
5 18
5 6
5 8
5 3
5 1
5 4
6 5
6 8
6 18
6 4
6 7
6 12
7 8
7 14
7 11
7 16
7 4
7 12
7 17
7 6
8 5
8 9
8 2
8 18
8 6
8 17
8 16
8 7
8 14
9 8
9 14
9 16
10 11
10 16
10 12
11 2
11 12
11 7
11 4
11 15
11 16
11 10
12 2
12 11
12 16
12 4
12 7
12 15
12 10
12 6
13 14
13 15
14 8
14 17
14 7
14 2
14 16
14 9
14 13
15 1
15 11
15 13
15 16
15 12
15 3
15 17
16 1
16 8
16 14
16 11
16 17
16 15
16 10
16 3
16 7
16 12
16 9
17 1
17 8
17 14
17 16
17 7
17 3
17 15
18 5
18 8
18 6
18 4
