1 2
1 3
1 10
1 12
1 13
1 16
1 4
2 11
2 4
2 17
2 16
2 3
2 1
2 15
2 5
2 9
2 10
3 6
3 2
3 16
3 1
3 12
3 13
3 8
3 9
4 2
4 10
4 11
4 12
4 1
4 5
5 6
5 2
5 10
5 11
5 13
5 9
5 4
5 15
5 14
5 8
6 5
6 13
6 17
6 16
6 3
6 15
6 14
7 14
8 3
8 9
8 16
8 5
8 14
8 15
9 2
9 3
9 5
9 8
9 15
9 14
9 16
10 2
10 11
10 13
10 1
10 5
10 4
11 2
11 10
11 4
11 13
11 12
11 5
12 3
12 11
12 4
12 1
13 6
13 3
13 10
13 11
13 5
13 16
13 1
14 6
14 9
14 5
14 15
14 7
14 8
15 6
15 2
15 9
15 5
15 14
15 8
16 6
16 2
16 3
16 17
16 13
16 1
16 9
16 8
17 6
17 2
17 16
