1 5
1 6
1 4
1 7
1 9
1 2
1 12
1 17
2 1
2 9
2 3
2 10
2 12
2 14
2 11
2 13
2 17
2 16
3 4
3 9
3 2
3 12
3 10
3 14
3 11
3 13
4 5
4 6
4 1
4 7
4 3
5 6
5 7
5 4
5 1
5 15
6 5
6 7
6 4
6 1
6 9
6 10
6 13
6 15
7 5
7 6
7 1
7 4
7 15
8 9
8 16
8 10
8 17
9 6
9 1
9 10
9 2
9 17
9 3
9 16
9 14
9 8
10 6
10 9
10 3
10 2
10 13
10 8
10 14
10 17
10 16
11 3
11 2
11 13
11 14
11 16
11 17
12 1
12 3
12 2
12 15
13 6
13 3
13 2
13 11
13 16
13 17
13 10
14 9
14 3
14 2
14 10
14 11
14 17
15 5
15 6
15 7
15 12
15 17
15 16
16 9
16 2
16 13
16 8
16 10
16 11
16 15
16 17
17 1
17 9
17 2
17 13
17 8
17 10
17 11
17 15
17 16
17 14
