1 6
1 13
1 7
1 3
1 8
1 15
1 12
1 5
1 4
2 17
2 12
2 5
2 4
3 6
3 7
3 17
3 15
3 8
3 5
3 16
3 1
4 17
4 1
4 5
4 2
4 16
5 3
5 1
5 12
5 8
5 16
5 4
5 11
5 2
6 10
6 3
6 13
6 17
6 1
6 15
6 9
7 12
7 11
7 3
7 1
8 10
8 3
8 1
8 15
8 11
8 14
8 5
8 16
9 10
9 6
9 17
9 12
9 11
9 14
10 9
10 17
10 8
10 6
10 11
10 14
11 10
11 7
11 17
11 12
11 8
11 5
11 14
11 16
11 9
12 7
12 1
12 11
12 14
12 2
12 9
12 16
12 5
13 6
13 1
13 17
14 10
14 17
14 12
14 8
14 11
14 9
15 6
15 17
15 3
15 1
15 8
15 16
16 3
16 12
16 8
16 5
16 11
16 15
16 4
17 10
17 6
17 13
17 15
17 2
17 4
17 3
17 11
17 14
17 9
