1 2
1 11
1 5
1 12
2 5
2 1
2 16
2 15
2 14
2 13
2 12
3 8
3 14
3 9
3 11
3 10
3 12
4 13
4 14
4 16
4 10
4 15
5 2
5 13
5 6
5 14
5 16
5 15
5 1
6 13
6 7
6 16
6 5
6 8
6 9
6 10
6 15
7 13
7 6
7 14
7 16
8 13
8 6
8 10
8 9
8 16
8 11
8 3
8 14
9 6
9 8
9 14
9 16
9 11
9 10
9 3
9 12
10 6
10 8
10 14
10 16
10 9
10 11
10 3
10 4
10 12
11 8
11 9
11 12
11 3
11 10
11 1
12 2
12 9
12 11
12 10
12 1
12 3
13 2
13 14
13 7
13 15
13 8
13 4
13 5
13 6
14 2
14 13
14 8
14 15
14 16
14 9
14 10
14 3
14 5
14 7
14 4
15 2
15 13
15 6
15 14
15 16
15 4
15 5
16 2
16 6
16 8
16 14
16 15
16 4
16 5
16 9
16 10
16 7
