1 13
1 4
1 10
1 12
1 11
1 14
1 7
2 6
2 5
2 9
2 11
3 13
3 4
3 15
3 6
3 14
3 7
4 13
4 7
4 5
4 11
4 1
4 8
4 9
4 14
4 3
5 2
5 13
5 4
5 9
5 10
5 11
5 12
5 7
5 16
6 2
6 13
6 15
6 8
6 3
7 13
7 4
7 8
7 1
7 5
7 9
7 14
7 3
8 4
8 7
8 6
8 9
9 2
9 13
9 4
9 8
9 5
9 16
9 10
9 11
9 12
9 7
10 13
10 1
10 5
10 9
10 14
10 12
10 11
11 2
11 4
11 1
11 5
11 9
11 12
11 10
12 13
12 1
12 5
12 9
12 10
12 11
13 3
13 15
13 12
13 5
13 9
13 1
13 10
13 14
13 4
13 7
13 6
14 13
14 4
14 15
14 1
14 16
14 10
14 7
14 3
15 13
15 3
15 6
15 14
16 5
16 9
16 14
