1 9
1 11
1 15
1 10
1 4
1 2
1 12
1 5
2 3
2 1
2 12
2 5
2 16
3 8
3 4
3 2
3 5
3 12
3 7
3 6
4 11
4 15
4 1
4 5
4 3
4 12
4 13
5 8
5 4
5 2
5 3
5 12
5 7
5 1
5 13
5 6
6 8
6 15
6 3
6 7
6 5
7 14
7 8
7 11
7 15
7 3
7 12
7 16
7 6
7 5
8 14
8 7
8 6
8 15
8 16
8 11
8 3
8 5
8 12
9 10
9 1
9 13
9 15
10 9
10 15
10 13
10 1
10 12
11 14
11 8
11 12
11 16
11 1
11 4
11 13
11 15
11 7
12 14
12 8
12 11
12 15
12 10
12 4
12 2
12 3
12 13
12 5
12 1
12 7
12 16
13 9
13 11
13 10
13 4
13 12
13 5
13 16
14 7
14 8
14 12
14 11
15 9
15 8
15 11
15 6
15 12
15 7
15 10
15 4
15 1
16 8
16 11
16 2
16 12
16 7
16 13
