1 4
1 9
1 13
1 10
1 12
2 9
2 4
2 3
2 8
2 11
2 10
2 17
2 15
2 13
2 14
3 2
3 17
3 4
3 6
3 13
3 7
3 16
3 15
3 12
4 2
4 17
4 12
4 3
4 13
4 14
4 6
4 7
4 1
5 9
5 7
5 16
5 15
5 10
6 11
6 4
6 8
6 7
6 3
6 16
6 10
6 15
7 11
7 4
7 5
7 6
7 8
7 10
7 16
7 3
8 2
8 11
8 18
8 6
8 7
8 16
8 10
8 15
9 2
9 10
9 14
9 1
9 16
9 15
9 5
9 13
10 2
10 9
10 5
10 6
10 7
10 8
10 14
10 12
10 1
11 2
11 8
11 18
11 6
11 16
11 15
11 7
12 4
12 13
12 3
12 14
12 10
12 1
13 2
13 4
13 9
13 14
13 12
13 3
13 1
14 2
14 17
14 4
14 9
14 13
14 10
14 12
15 2
15 11
15 17
15 18
15 9
15 5
15 6
15 16
15 3
15 8
16 11
16 17
16 18
16 9
16 5
16 6
16 7
16 15
16 8
16 3
17 2
17 3
17 15
17 16
17 4
17 14
18 11
18 8
18 16
18 15
