1 14
1 12
1 6
1 8
1 9
2 11
2 7
2 3
2 17
2 4
2 9
2 8
2 18
3 7
3 12
3 4
3 17
3 18
3 5
3 2
3 6
4 7
4 3
4 12
4 17
4 2
4 18
4 8
5 11
5 15
5 3
5 12
5 17
5 10
5 9
5 16
5 18
6 14
6 15
6 3
6 12
6 1
6 9
7 8
7 3
7 4
7 17
7 2
7 9
8 11
8 7
8 12
8 17
8 2
8 1
8 4
8 10
9 7
9 14
9 5
9 2
9 18
9 1
9 6
10 11
10 15
10 17
10 5
10 18
10 16
10 8
11 10
11 5
11 12
11 2
11 8
11 18
12 11
12 14
12 3
12 4
12 6
12 1
12 17
12 18
12 8
12 5
13 14
13 15
13 17
13 18
14 1
14 6
14 9
14 13
14 16
14 12
15 16
15 13
15 18
15 6
15 5
15 10
16 14
16 15
16 17
16 5
16 18
16 10
17 7
17 3
17 12
17 18
17 4
17 2
17 8
17 10
17 5
17 13
17 16
18 11
18 15
18 3
18 12
18 17
18 5
18 2
18 4
18 9
18 16
18 13
18 10
