1 7
1 16
1 9
1 8
1 2
1 10
2 7
2 16
2 9
2 15
2 8
2 1
2 10
3 5
3 11
3 12
3 17
3 15
3 4
4 7
4 3
4 6
4 11
4 5
4 12
4 17
5 3
5 11
5 4
5 12
5 17
6 7
6 16
6 4
6 12
7 16
7 6
7 4
7 12
7 13
7 14
7 2
7 1
8 9
8 15
8 11
8 10
8 1
8 2
8 17
9 1
9 10
9 8
9 2
9 11
9 15
10 9
10 15
10 11
10 8
10 2
10 1
11 13
11 3
11 9
11 15
11 12
11 10
11 8
11 5
11 4
12 7
12 13
12 3
12 15
12 6
12 11
12 4
12 5
12 17
13 7
13 14
13 16
13 11
13 12
14 7
14 13
14 16
15 3
15 9
15 11
15 10
15 8
15 2
15 12
16 7
16 13
16 2
16 1
16 6
16 14
17 3
17 4
17 5
17 8
17 12
