1 11
1 3
1 9
1 6
1 12
2 11
2 3
2 12
3 11
3 2
3 12
3 1
4 8
4 13
4 7
4 11
4 12
5 8
5 7
5 14
5 9
5 12
5 6
6 11
6 1
6 9
6 12
6 5
6 10
7 8
7 13
7 16
7 4
7 11
7 5
7 12
7 14
7 10
8 16
8 10
8 7
8 5
8 14
8 13
8 9
8 4
8 11
9 8
9 13
9 16
9 11
9 1
9 12
9 6
9 10
9 15
9 5
10 8
10 13
10 16
10 7
10 9
10 12
10 6
10 15
11 8
11 13
11 4
11 7
11 12
11 3
11 2
11 9
11 6
11 1
12 4
12 7
12 11
12 2
12 3
12 1
12 9
12 6
12 10
12 5
13 8
13 15
13 16
13 10
13 7
13 4
13 11
13 9
14 8
14 16
14 7
14 5
15 13
15 9
15 10
16 8
16 13
16 10
16 7
16 14
16 9
