1 2
1 17
1 12
1 9
1 10
2 15
2 3
2 7
2 18
2 1
2 10
2 8
2 14
3 4
3 2
3 14
3 6
3 13
3 11
4 16
4 15
4 3
4 14
4 13
4 11
4 6
4 5
4 9
5 7
5 17
5 4
5 14
5 8
6 3
6 4
6 8
6 10
6 18
7 15
7 2
7 8
7 5
7 14
7 10
7 11
7 13
8 16
8 2
8 7
8 5
8 13
8 11
8 6
9 4
9 12
9 13
9 14
9 1
9 10
10 15
10 2
10 7
10 12
10 9
10 6
10 1
10 14
11 16
11 3
11 7
11 4
11 12
11 13
11 18
11 8
12 13
12 9
12 1
12 11
12 10
13 16
13 3
13 7
13 4
13 12
13 11
13 9
13 18
13 8
14 16
14 15
14 3
14 2
14 7
14 4
14 5
14 9
14 18
14 10
15 14
15 7
15 2
15 18
15 10
15 4
16 14
16 4
16 13
16 11
16 8
17 1
17 5
18 15
18 2
18 13
18 11
18 6
18 14
