1 11
1 2
1 12
1 16
1 18
1 4
2 10
2 11
2 1
2 18
2 4
2 6
2 16
3 14
3 5
3 15
3 18
3 13
3 4
4 10
4 2
4 17
4 1
4 15
4 18
4 3
5 8
5 11
5 7
5 12
5 9
5 15
5 3
6 10
6 14
6 2
6 15
6 13
7 10
7 11
7 9
7 12
7 5
7 18
7 17
8 13
8 18
8 17
8 5
9 11
9 7
9 12
9 5
10 7
10 15
10 13
10 14
10 6
10 2
10 11
10 12
10 4
10 18
11 10
11 12
11 1
11 2
11 17
11 18
11 7
11 9
11 5
12 10
12 11
12 7
12 17
12 9
12 5
12 1
13 10
13 8
13 14
13 6
13 15
13 3
14 10
14 15
14 6
14 13
14 3
15 10
15 14
15 5
15 6
15 13
15 3
15 4
16 2
16 1
17 8
17 11
17 7
17 18
17 12
17 4
18 10
18 8
18 11
18 2
18 7
18 17
18 1
18 4
18 3
