1 10
1 4
1 14
1 15
1 5
1 11
1 13
1 2
1 16
2 9
2 3
2 5
2 16
2 1
3 10
3 11
3 2
3 6
4 10
4 7
4 9
4 1
4 13
4 5
4 12
4 6
4 11
4 14
4 15
5 7
5 9
5 4
5 8
5 12
5 17
5 6
5 11
5 2
5 1
5 13
6 10
6 4
6 12
6 3
6 5
7 10
7 11
7 14
7 4
7 5
7 12
7 16
8 9
8 14
8 5
8 15
8 13
8 17
9 8
9 5
9 2
9 17
9 4
10 11
10 4
10 1
10 13
10 7
10 6
10 3
11 10
11 7
11 4
11 12
11 3
11 5
11 16
11 1
11 13
12 7
12 4
12 15
12 6
12 5
12 11
13 10
13 4
13 14
13 8
13 15
13 5
13 11
13 1
14 7
14 4
14 15
14 13
14 8
14 1
15 4
15 14
15 8
15 13
15 12
15 1
16 7
16 11
16 2
16 1
17 9
17 8
17 5
