1 16
1 5
1 14
1 2
1 8
1 12
1 13
2 5
2 14
2 1
2 17
2 15
3 4
3 6
3 15
3 8
3 16
4 3
4 6
4 15
4 8
4 13
4 12
5 16
5 1
5 2
5 12
5 13
6 3
6 10
6 16
6 4
6 12
6 7
7 10
7 16
7 6
7 11
7 9
7 8
7 17
8 3
8 16
8 4
8 1
8 7
8 9
8 17
9 16
9 14
9 7
9 8
9 17
9 15
10 11
10 12
10 7
10 16
10 6
10 13
10 15
10 14
11 10
11 16
11 13
11 12
11 7
11 17
12 10
12 6
12 5
12 14
12 4
12 1
12 11
12 13
12 15
13 10
13 5
13 4
13 1
13 11
13 12
14 10
14 15
14 2
14 17
14 9
14 1
14 12
15 3
15 10
15 14
15 4
15 9
15 17
15 12
15 2
16 3
16 10
16 7
16 1
16 5
16 11
16 9
16 8
16 6
17 14
17 11
17 7
17 9
17 8
17 15
17 2
