1 13
1 14
1 17
1 3
1 2
1 10
1 8
1 5
1 9
1 11
1 12
2 13
2 14
2 15
2 17
2 3
2 12
2 1
2 16
2 10
3 4
3 5
3 18
3 7
3 2
3 1
3 9
4 18
4 3
4 9
4 13
5 6
5 13
5 14
5 3
5 10
5 1
6 5
7 15
7 17
7 3
7 18
7 8
7 16
7 9
8 14
8 15
8 17
8 18
8 10
8 7
8 16
8 1
9 4
9 13
9 14
9 3
9 10
9 7
9 1
9 12
10 13
10 14
10 2
10 11
10 1
10 5
10 8
10 9
11 13
11 14
11 10
11 1
11 12
12 15
12 17
12 2
12 16
12 9
12 1
12 11
13 4
13 18
13 5
13 2
13 1
13 9
13 11
13 10
14 10
14 1
14 11
14 2
14 5
14 9
14 8
14 16
15 17
15 8
15 7
15 16
15 2
15 12
15 18
16 14
16 15
16 17
16 2
16 8
16 7
16 12
17 15
17 2
17 12
17 16
17 8
17 7
17 1
18 4
18 13
18 15
18 3
18 8
18 7
