1 3
1 18
1 17
1 2
1 16
1 6
2 3
2 18
2 5
2 17
2 1
2 6
2 11
2 4
3 10
3 5
3 18
3 4
3 14
3 2
3 1
3 6
3 16
3 7
3 13
4 10
4 3
4 18
4 5
4 14
4 17
4 2
4 13
4 16
4 7
4 6
5 10
5 3
5 18
5 16
5 4
5 7
5 2
5 6
5 14
5 12
5 13
6 3
6 5
6 2
6 4
6 1
6 11
7 3
7 5
7 13
7 12
7 4
7 16
8 12
8 9
9 14
9 15
9 13
9 8
10 4
10 3
10 5
10 14
10 15
11 14
11 2
11 15
11 13
11 6
12 5
12 14
12 15
12 13
12 8
12 16
12 7
13 3
13 5
13 14
13 15
13 7
13 9
13 4
13 11
13 12
14 10
14 3
14 5
14 15
14 13
14 4
14 9
14 11
14 12
15 10
15 14
15 13
15 9
15 12
15 11
15 16
16 3
16 5
16 17
16 15
16 12
16 4
16 7
16 1
17 4
17 1
17 2
17 16
18 3
18 2
18 1
18 5
18 4
