1 7
1 3
1 18
1 5
1 2
1 6
1 12
1 10
2 9
2 8
2 4
2 19
2 18
2 17
2 1
2 5
2 11
3 9
3 1
3 13
3 12
3 19
3 11
4 7
4 9
4 8
4 17
4 18
4 19
4 14
4 2
5 8
5 18
5 13
5 17
5 1
5 2
5 11
6 7
6 8
6 18
6 17
6 1
7 6
7 8
7 4
7 17
7 19
7 9
7 18
7 1
7 10
8 7
8 9
8 2
8 11
8 4
8 17
8 6
8 10
8 18
8 5
8 19
8 12
9 7
9 10
9 19
9 3
9 2
9 8
9 4
10 7
10 9
10 8
10 19
10 1
11 8
11 3
11 2
11 12
11 5
12 8
12 3
12 19
12 1
12 11
12 15
13 3
13 15
13 14
13 5
13 16
14 4
14 19
14 13
14 15
14 16
15 19
15 18
15 13
15 17
15 14
15 16
15 12
16 19
16 13
16 14
16 15
17 7
17 8
17 4
17 18
17 2
17 5
17 6
17 15
18 7
18 8
18 4
18 17
18 6
18 1
18 5
18 2
18 15
19 7
19 9
19 8
19 3
19 4
19 16
19 2
19 12
19 10
19 15
19 14
