1 6
1 3
1 18
1 4
1 10
1 5
1 2
1 8
1 11
2 3
2 18
2 10
2 1
2 8
2 11
3 2
3 5
3 10
3 16
3 1
3 17
3 11
3 7
4 6
4 13
4 9
4 18
4 5
4 1
4 10
5 6
5 13
5 3
5 9
5 18
5 4
5 17
5 1
6 4
6 5
6 13
6 7
6 8
6 9
6 18
6 12
6 1
7 6
7 13
7 3
7 9
7 8
7 11
7 12
7 18
8 6
8 13
8 9
8 7
8 18
8 2
8 1
9 6
9 13
9 15
9 16
9 7
9 8
9 18
9 4
9 5
10 3
10 15
10 16
10 18
10 4
10 2
10 1
10 17
10 11
11 13
11 3
11 7
11 18
11 10
11 2
11 1
11 12
12 6
12 13
12 7
12 17
12 11
13 6
13 12
13 11
13 4
13 5
13 7
13 8
13 9
14 15
14 17
15 16
15 10
15 9
15 14
16 3
16 15
16 10
16 9
16 17
17 3
17 16
17 18
17 10
17 5
17 12
17 14
18 6
18 9
18 7
18 17
18 11
18 1
18 2
18 5
18 4
18 10
18 8
