1 17
1 10
1 7
1 3
1 4
1 6
1 5
1 9
1 18
2 10
2 12
2 9
2 16
3 13
3 1
3 12
3 5
3 4
3 11
3 7
3 14
3 15
3 8
4 13
4 1
4 12
4 5
4 3
4 14
4 11
4 8
4 7
4 18
5 13
5 1
5 4
5 3
5 6
5 7
5 11
6 17
6 13
6 1
6 5
6 7
6 18
7 17
7 10
7 1
7 9
7 5
7 4
7 6
7 18
7 3
8 12
8 4
8 11
8 3
9 10
9 1
9 12
9 16
9 18
9 14
9 15
9 2
9 7
10 9
10 18
10 2
10 16
10 1
10 7
10 12
11 13
11 5
11 4
11 3
11 15
11 8
12 10
12 15
12 3
12 4
12 9
12 8
12 14
12 2
13 17
13 11
13 3
13 5
13 15
13 6
13 18
13 4
14 12
14 9
14 4
14 18
14 3
15 13
15 12
15 9
15 11
15 3
16 10
16 9
16 2
17 6
17 18
17 1
17 7
17 13
18 17
18 10
18 13
18 1
18 9
18 4
18 7
18 6
18 14
