1 17
1 2
1 8
1 16
1 4
1 5
1 6
1 13
1 11
1 15
2 17
2 1
2 16
2 11
2 14
2 6
2 4
2 8
2 5
3 16
3 11
3 10
3 14
3 8
3 4
4 1
4 16
4 15
4 3
4 14
4 7
4 13
4 9
4 2
5 17
5 1
5 14
5 10
5 8
5 2
6 1
6 14
6 7
6 13
6 2
7 14
7 6
7 13
7 4
8 17
8 1
8 11
8 3
8 14
8 10
8 5
8 2
9 15
9 14
9 13
9 4
9 12
10 11
10 3
10 14
10 8
10 5
11 1
11 10
11 8
11 12
11 2
11 3
12 17
12 11
12 9
13 1
13 15
13 14
13 7
13 6
13 9
13 4
14 17
14 16
14 15
14 3
14 4
14 8
14 10
14 2
14 5
14 7
14 6
14 13
14 9
15 1
15 9
15 14
15 4
15 13
16 1
16 4
16 3
16 2
16 14
17 5
17 2
17 14
17 12
17 8
17 1
