1 14
1 10
1 2
1 15
1 18
1 5
1 11
2 10
2 1
2 5
2 11
2 18
3 13
3 17
3 4
3 12
3 7
3 15
3 10
4 13
4 17
4 3
4 15
4 12
4 7
4 10
5 6
5 10
5 2
5 11
5 1
6 16
6 17
6 5
6 9
6 8
7 16
7 17
7 3
7 4
7 9
7 8
7 18
8 6
8 10
8 7
8 11
9 6
9 14
9 15
9 7
10 16
10 17
10 3
10 4
10 14
10 11
10 18
10 15
10 2
10 1
10 5
10 8
11 16
11 17
11 10
11 2
11 8
11 5
11 1
12 13
12 3
12 4
13 12
13 3
13 4
14 9
14 15
14 1
14 18
14 10
15 3
15 4
15 9
15 14
15 10
15 1
15 18
16 17
16 7
16 6
16 10
16 11
17 16
17 7
17 4
17 3
17 11
17 6
17 10
18 14
18 10
18 2
18 15
18 7
18 1
