1 7
1 5
1 11
1 12
1 2
1 9
1 13
1 10
2 7
2 11
2 6
2 12
2 17
2 10
2 8
2 1
2 15
3 7
3 5
3 4
3 15
3 9
3 6
4 3
4 9
4 15
5 11
5 6
5 3
5 13
5 1
5 8
6 7
6 5
6 3
6 11
6 10
6 12
6 17
6 16
6 2
6 15
7 6
7 3
7 2
7 10
7 11
7 13
7 1
8 5
8 16
8 17
8 2
8 9
8 13
9 3
9 17
9 4
9 1
9 13
9 8
10 7
10 11
10 6
10 16
10 12
10 14
10 2
10 1
10 13
10 15
11 7
11 5
11 6
11 10
11 12
11 13
11 1
11 16
11 15
11 2
11 14
11 17
12 11
12 6
12 16
12 14
12 10
12 2
12 13
12 1
13 7
13 5
13 11
13 12
13 17
13 9
13 1
13 8
13 10
14 11
14 12
14 10
15 3
15 11
15 6
15 2
15 4
15 10
16 11
16 6
16 17
16 12
16 10
16 8
17 11
17 6
17 16
17 8
17 2
17 13
17 9
