1 13
1 5
1 6
1 3
2 15
2 5
2 9
2 10
2 12
2 6
3 1
3 5
3 14
3 8
3 12
3 13
3 11
3 6
4 15
4 16
4 14
4 8
5 1
5 6
5 9
5 2
5 13
5 3
5 8
5 7
6 1
6 5
6 8
6 7
6 2
6 9
6 13
6 3
7 15
7 16
7 5
7 14
7 17
7 6
7 9
7 10
8 5
8 14
8 3
8 4
8 6
8 11
8 12
9 15
9 16
9 5
9 7
9 2
9 10
9 6
10 15
10 16
10 14
10 7
10 2
10 9
11 15
11 16
11 14
11 8
11 12
11 3
12 8
12 2
12 11
12 13
12 3
13 1
13 5
13 12
13 6
13 17
13 3
14 15
14 16
14 3
14 8
14 4
14 7
14 10
14 11
15 16
15 10
15 14
15 7
15 11
15 2
15 9
15 4
16 15
16 7
16 14
16 10
16 17
16 4
16 9
16 11
17 16
17 7
17 13
