1 7
1 9
1 14
1 2
1 12
1 13
1 3
2 17
2 16
2 7
2 9
2 14
2 1
2 12
2 3
3 16
3 15
3 7
3 9
3 14
3 1
3 2
4 5
4 10
4 15
4 7
4 6
4 13
4 12
5 10
5 6
5 17
5 9
5 4
5 8
6 5
6 10
6 8
6 14
6 4
7 17
7 4
7 3
7 1
7 2
8 5
8 16
8 6
9 5
9 10
9 17
9 16
9 15
9 3
9 2
9 1
9 12
10 5
10 9
10 4
10 6
10 16
10 12
10 17
11 15
11 13
11 12
12 10
12 17
12 15
12 9
12 11
12 14
12 4
12 1
12 2
12 13
13 15
13 11
13 14
13 4
13 1
13 12
14 12
14 6
14 2
14 1
14 13
14 3
15 11
15 3
15 13
15 12
15 4
15 9
16 10
16 8
16 2
16 3
16 9
17 5
17 10
17 9
17 7
17 12
17 2
