1 4
1 12
1 10
1 11
1 7
1 9
1 2
1 15
2 1
2 15
2 17
2 9
2 16
2 10
2 14
2 6
3 13
3 4
3 14
4 13
4 3
4 1
4 14
5 16
5 14
5 6
6 13
6 2
6 15
6 14
6 5
6 12
7 13
7 1
7 16
7 14
7 9
7 8
8 16
8 9
8 12
8 7
9 13
9 1
9 2
9 15
9 16
9 14
9 7
9 12
9 8
10 13
10 1
10 2
10 15
10 11
10 14
11 13
11 1
11 16
11 10
11 14
11 17
12 13
12 1
12 14
12 6
12 17
12 9
12 8
13 14
13 3
13 16
13 4
13 9
13 7
13 12
13 6
13 11
13 10
14 13
14 4
14 3
14 2
14 15
14 16
14 10
14 6
14 9
14 7
14 5
14 11
14 12
15 1
15 2
15 17
15 6
15 14
15 9
15 16
15 10
16 13
16 2
16 15
16 14
16 11
16 5
16 17
16 9
16 8
16 7
17 2
17 15
17 16
17 12
17 11
