1 2
1 5
1 14
1 11
1 12
2 1
2 14
2 4
2 5
2 3
2 15
3 10
3 13
3 11
3 8
3 14
3 4
3 12
3 2
3 5
3 16
4 10
4 13
4 9
4 11
4 14
4 3
4 16
4 5
4 2
5 10
5 1
5 14
5 4
5 2
5 3
5 15
5 16
6 7
6 13
6 9
7 9
7 11
7 12
7 6
7 10
8 13
8 15
8 3
9 7
9 10
9 13
9 6
9 16
9 4
10 7
10 9
10 5
10 11
10 12
10 3
10 4
10 16
10 13
11 7
11 10
11 1
11 13
11 12
11 4
11 3
12 7
12 10
12 1
12 11
12 3
13 10
13 9
13 8
13 6
13 11
13 3
13 15
13 16
13 4
14 1
14 5
14 2
14 4
14 16
14 3
14 15
15 13
15 8
15 14
15 2
15 5
16 10
16 13
16 9
16 14
16 4
16 3
16 5
