1 7
1 11
1 2
1 12
1 13
1 17
1 5
1 4
2 7
2 1
2 11
2 4
2 16
2 8
2 17
2 15
3 14
3 18
3 4
3 12
3 15
4 14
4 18
4 3
4 1
4 12
4 15
4 2
5 7
5 18
5 1
5 11
6 7
6 8
6 10
7 8
7 1
7 2
7 17
7 6
7 5
8 7
8 6
8 17
8 2
9 14
9 11
9 12
9 13
9 16
9 10
10 13
10 16
10 9
10 6
11 1
11 12
11 13
11 2
11 15
11 5
11 9
12 18
12 3
12 1
12 11
12 13
12 15
12 9
12 17
12 16
12 4
13 14
13 1
13 11
13 12
13 9
13 15
13 10
14 4
14 3
14 16
14 9
14 13
15 18
15 3
15 11
15 12
15 13
15 4
15 16
15 2
15 17
16 14
16 12
16 15
16 17
16 10
16 9
16 2
17 7
17 1
17 12
17 16
17 8
17 2
17 15
18 3
18 12
18 15
18 5
18 4
