1 4
1 3
1 7
1 6
1 8
2 11
2 12
2 13
2 14
2 9
2 5
3 16
3 4
3 17
3 15
3 10
3 1
3 7
4 16
4 3
4 5
4 8
4 12
4 11
4 1
4 7
5 4
5 10
5 13
5 14
5 2
5 9
6 1
6 7
6 8
7 4
7 3
7 1
7 6
7 8
8 16
8 4
8 11
8 17
8 1
8 7
8 15
8 6
9 11
9 12
9 17
9 13
9 14
9 2
9 5
10 16
10 3
10 17
10 5
10 13
11 16
11 4
11 12
11 15
11 17
11 8
11 2
11 9
11 14
12 4
12 11
12 15
12 2
12 9
12 14
13 10
13 14
13 5
13 2
13 9
14 11
14 12
14 13
14 2
14 9
14 5
15 16
15 11
15 12
15 3
15 17
15 8
16 17
16 15
16 3
16 11
16 4
16 10
16 8
17 16
17 11
17 3
17 15
17 8
17 9
17 10
