1 7
1 3
1 2
1 6
1 5
1 17
1 13
1 9
2 7
2 3
2 1
2 17
2 9
2 5
3 7
3 2
3 1
3 17
3 5
3 9
4 11
4 14
4 13
4 10
4 7
4 8
4 16
5 3
5 2
5 6
5 1
5 17
5 13
6 5
6 11
6 10
6 13
6 1
6 12
7 4
7 8
7 11
7 12
7 10
7 3
7 1
7 2
7 15
8 4
8 7
8 15
8 11
8 12
9 3
9 2
9 1
9 15
9 13
10 4
10 7
10 6
10 11
10 16
10 13
10 12
10 17
11 4
11 7
11 6
11 10
11 13
11 8
11 16
11 12
11 14
12 7
12 6
12 10
12 15
12 11
12 8
13 4
13 6
13 10
13 1
13 11
13 5
13 9
14 4
14 11
15 7
15 8
15 12
15 9
16 4
16 10
16 11
16 17
17 3
17 2
17 10
17 1
17 5
17 16
