1 17
1 6
1 15
1 4
1 5
2 10
2 17
2 13
2 4
2 3
3 10
3 14
3 12
3 13
3 4
3 2
4 10
4 7
4 1
4 15
4 6
4 13
4 3
4 2
4 8
5 1
5 6
5 9
6 17
6 1
6 15
6 5
6 4
6 9
7 15
7 8
7 11
7 14
7 13
7 12
7 4
7 9
8 7
8 15
8 4
8 11
9 10
9 7
9 17
9 15
9 6
9 5
10 2
10 4
10 9
10 3
10 17
11 7
11 15
11 8
11 16
12 7
12 17
12 15
12 14
12 13
12 3
12 16
13 7
13 17
13 15
13 14
13 12
13 3
13 16
13 4
13 2
14 7
14 17
14 15
14 13
14 12
14 16
14 3
15 7
15 1
15 9
15 4
15 14
15 13
15 12
15 16
15 8
15 6
15 11
16 15
16 14
16 12
16 13
16 11
17 10
17 1
17 9
17 13
17 12
17 14
17 6
17 2
