1 12
1 4
1 5
1 2
1 8
1 15
2 4
2 13
2 1
2 15
2 10
2 11
2 16
2 14
2 8
2 6
3 13
3 7
3 14
3 16
4 12
4 5
4 1
4 9
4 11
4 13
4 2
5 4
5 1
5 9
5 11
5 13
5 7
6 2
6 15
7 5
7 3
7 16
7 15
8 9
8 13
8 2
8 1
8 11
8 10
9 12
9 4
9 5
9 13
9 11
9 16
9 15
9 14
9 8
9 10
10 9
10 13
10 2
10 8
10 11
10 15
10 14
11 4
11 5
11 9
11 13
11 2
11 8
11 10
11 15
11 16
11 14
12 14
12 1
12 4
12 9
12 13
13 12
13 4
13 5
13 9
13 14
13 11
13 8
13 3
13 2
13 16
13 15
13 10
14 12
14 9
14 13
14 2
14 3
14 10
14 11
15 9
15 13
15 2
15 7
15 1
15 10
15 16
15 11
15 6
16 9
16 13
16 2
16 7
16 3
16 15
16 11
