1 6
1 7
1 18
1 2
1 8
2 15
2 9
2 14
2 6
2 5
2 12
2 1
2 18
2 10
3 11
3 15
3 7
3 4
3 16
3 18
3 17
3 8
3 5
3 6
3 13
4 11
4 15
4 3
4 6
4 5
4 13
4 16
4 18
4 12
4 7
4 8
5 11
5 9
5 3
5 4
5 17
5 10
5 2
5 13
5 12
5 16
5 18
6 9
6 3
6 8
6 1
6 7
6 4
6 2
6 10
6 18
7 3
7 6
7 4
7 8
7 17
7 1
8 3
8 6
8 4
8 7
8 1
8 18
9 15
9 10
9 2
9 18
9 6
9 14
9 5
10 15
10 9
10 14
10 6
10 5
10 18
10 2
11 4
11 13
11 12
11 5
11 16
11 3
11 15
12 11
12 15
12 4
12 5
12 13
12 17
12 2
13 11
13 15
13 14
13 3
13 4
13 5
13 12
14 15
14 9
14 13
14 17
14 10
14 2
15 11
15 13
15 14
15 12
15 10
15 9
15 2
15 17
15 4
15 3
16 11
16 3
16 4
16 5
16 18
17 15
17 14
17 3
17 7
17 5
17 12
18 9
18 3
18 6
18 4
18 5
18 1
18 16
18 10
18 2
18 8
