1 17
1 3
1 2
1 16
1 7
1 10
1 15
1 14
2 9
2 5
2 3
2 1
2 4
2 8
2 16
3 17
3 9
3 5
3 11
3 6
3 2
3 1
3 14
4 17
4 5
4 14
4 2
4 11
5 17
5 4
5 14
5 2
5 16
5 7
5 3
5 11
6 3
6 7
6 12
6 13
7 17
7 9
7 5
7 1
7 8
7 12
7 16
7 14
7 6
8 9
8 7
8 14
8 2
9 8
9 3
9 13
9 12
9 11
9 2
9 7
10 1
10 12
10 16
10 15
10 13
11 9
11 5
11 3
11 4
11 12
12 9
12 11
12 7
12 13
12 15
12 10
12 6
13 9
13 12
13 10
13 15
13 6
14 17
14 5
14 3
14 1
14 4
14 7
14 8
14 16
15 1
15 12
15 16
15 10
15 13
16 17
16 5
16 1
16 7
16 2
16 14
16 10
16 15
17 5
17 14
17 16
17 4
17 1
17 3
17 7
