1 8
1 13
1 2
1 4
1 6
1 7
1 15
1 18
1 17
1 16
1 10
2 8
2 1
2 6
2 16
2 10
2 15
3 14
3 8
3 12
3 11
3 10
4 14
4 8
4 9
4 1
4 7
4 16
4 17
4 18
4 10
4 11
4 12
5 14
5 9
5 7
5 12
6 8
6 1
6 7
6 2
7 8
7 1
7 6
7 4
7 10
7 5
8 10
8 7
8 4
8 9
8 6
8 2
8 1
8 3
9 8
9 10
9 4
9 12
9 11
9 16
9 5
10 8
10 9
10 1
10 7
10 16
10 3
10 2
10 4
11 14
11 9
11 17
11 3
11 12
11 4
11 15
12 14
12 9
12 17
12 18
12 3
12 11
12 4
12 5
13 18
13 1
13 17
13 15
14 3
14 5
14 12
14 11
14 17
14 4
14 16
15 13
15 1
15 16
15 18
15 11
15 2
16 14
16 9
16 1
16 2
16 15
16 10
16 4
17 14
17 13
17 1
17 18
17 4
17 11
17 12
18 13
18 1
18 17
18 4
18 15
18 12
