1 9
1 14
1 15
1 8
1 16
2 3
2 4
2 6
2 18
2 12
3 4
3 2
3 12
3 6
3 9
3 8
3 18
3 15
3 16
3 13
4 3
4 2
4 6
4 12
4 18
4 7
5 13
5 14
5 11
5 18
5 12
6 3
6 4
6 2
6 7
6 18
6 11
7 4
7 15
7 6
7 10
7 11
7 16
8 3
8 9
8 13
8 14
8 17
8 1
8 16
8 12
9 3
9 14
9 13
9 8
9 1
9 16
9 12
9 17
10 15
10 7
10 11
10 16
11 14
11 6
11 7
11 10
11 5
12 3
12 4
12 9
12 13
12 14
12 15
12 2
12 8
12 5
12 16
13 3
13 9
13 14
13 12
13 8
13 5
14 9
14 13
14 12
14 5
14 8
14 1
14 16
14 11
15 3
15 16
15 18
15 1
15 12
15 10
15 7
16 3
16 9
16 14
16 15
16 8
16 7
16 10
16 1
16 18
16 12
17 9
17 8
17 18
18 3
18 4
18 15
18 2
18 6
18 17
18 5
18 16
