1 2
1 13
1 9
1 10
1 15
1 7
1 14
1 6
1 16
2 13
2 12
2 1
2 8
2 6
2 11
2 10
3 6
3 4
3 16
4 13
4 12
4 8
4 3
4 16
5 13
5 15
5 12
5 14
6 2
6 13
6 15
6 1
6 12
6 8
6 3
6 7
6 11
7 9
7 10
7 15
7 1
7 6
7 14
7 16
8 2
8 13
8 12
8 6
8 11
8 4
9 10
9 15
9 14
9 1
9 7
10 2
10 13
10 9
10 15
10 1
10 7
10 12
11 2
11 13
11 6
11 8
12 2
12 13
12 10
12 15
12 14
12 5
12 6
12 8
12 4
13 2
13 12
13 10
13 1
13 11
13 4
13 6
13 8
13 14
13 5
14 13
14 9
14 15
14 1
14 12
14 5
14 7
15 9
15 10
15 1
15 14
15 7
15 5
15 12
15 6
16 1
16 3
16 17
16 7
16 4
17 16
