1 4
1 13
1 2
1 15
1 10
1 16
1 12
1 11
1 17
1 8
1 9
1 5
1 6
2 4
2 13
2 1
2 7
2 8
2 15
2 17
2 14
2 12
3 14
3 15
3 8
3 9
4 5
4 6
4 1
4 2
4 17
5 4
5 13
5 1
5 6
5 9
6 4
6 13
6 1
6 5
6 9
6 16
6 15
6 14
6 17
6 10
7 13
7 8
7 2
7 15
8 3
8 13
8 1
8 7
8 2
8 17
8 12
8 15
8 14
9 3
9 1
9 6
9 16
9 10
9 5
9 17
10 1
10 6
10 16
10 9
11 13
11 1
11 12
12 1
12 2
12 8
12 11
13 2
13 8
13 17
13 1
13 15
13 14
13 7
13 6
13 11
13 5
14 3
14 13
14 6
14 2
14 8
14 15
15 3
15 13
15 1
15 6
15 7
15 2
15 8
15 14
16 1
16 6
16 10
16 9
17 4
17 13
17 1
17 6
17 2
17 8
17 9
