1 13
1 7
1 16
1 3
1 14
1 2
1 9
1 15
2 4
2 12
2 16
2 11
2 3
2 10
2 1
3 4
3 12
3 16
3 11
3 2
3 1
3 10
4 3
4 16
4 2
4 10
4 11
4 13
4 14
4 7
5 13
5 15
5 6
6 13
6 7
6 15
6 5
7 4
7 6
7 9
7 15
7 1
7 11
7 16
8 13
8 12
8 16
8 11
9 7
9 10
9 15
9 1
10 17
10 4
10 13
10 3
10 2
10 9
11 17
11 4
11 13
11 7
11 12
11 16
11 2
11 3
11 14
11 8
12 8
12 11
12 2
12 3
12 16
13 17
13 4
13 14
13 11
13 5
13 6
13 1
13 16
13 8
13 10
13 15
14 4
14 13
14 11
14 1
14 15
15 13
15 7
15 14
15 9
15 1
15 5
15 6
16 4
16 13
16 7
16 12
16 2
16 3
16 8
16 11
16 1
17 10
17 13
17 11
