1 6
1 10
1 7
1 5
1 4
1 3
1 2
2 6
2 10
2 1
3 6
3 10
3 9
3 4
3 11
3 8
3 1
3 13
4 6
4 10
4 7
4 11
4 3
4 17
4 1
4 12
4 8
5 14
5 6
5 10
5 9
5 8
5 12
5 1
5 15
6 14
6 1
6 5
6 15
6 7
6 12
6 3
6 4
6 2
6 9
7 6
7 11
7 4
7 15
7 1
8 10
8 5
8 9
8 4
8 3
8 16
8 17
8 13
9 6
9 10
9 5
9 8
9 16
9 17
9 3
10 14
10 9
10 8
10 12
10 5
10 2
10 1
10 17
10 13
10 16
10 4
10 3
11 7
11 4
11 3
11 12
11 17
12 14
12 6
12 10
12 5
12 4
12 11
12 17
12 16
13 10
13 3
13 8
14 10
14 5
14 6
14 12
15 6
15 7
15 5
15 16
15 17
16 10
16 9
16 15
16 8
16 17
16 12
17 10
17 9
17 4
17 11
17 15
17 8
17 16
17 12
