1 2
1 5
1 19
1 9
1 6
1 12
1 20
1 18
2 9
2 1
2 20
2 18
2 16
2 15
2 17
2 7
2 12
2 6
3 16
3 15
3 5
3 19
3 8
3 10
3 20
3 7
4 15
4 11
4 13
4 12
4 5
4 7
4 19
4 10
4 9
5 16
5 15
5 4
5 6
5 7
5 3
5 9
5 8
5 19
5 18
5 1
6 2
6 16
6 15
6 5
6 19
6 1
6 7
6 18
6 20
7 2
7 16
7 15
7 14
7 4
7 5
7 9
7 8
7 6
7 3
7 18
8 15
8 5
8 3
8 10
8 7
8 12
8 13
9 2
9 16
9 15
9 14
9 17
9 4
9 11
9 5
9 7
9 18
9 1
10 14
10 4
10 11
10 8
10 13
10 18
10 20
10 3
11 4
11 13
11 12
11 19
11 10
11 9
12 2
12 17
12 4
12 11
12 8
12 13
12 20
12 1
13 17
13 4
13 11
13 8
13 10
13 12
14 7
14 9
14 19
14 10
15 2
15 16
15 5
15 7
15 18
15 3
15 4
15 8
15 6
15 17
15 9
16 2
16 15
16 9
16 5
16 7
16 3
16 6
16 17
17 2
17 16
17 15
17 12
17 13
17 9
18 2
18 15
18 5
18 9
18 6
18 10
18 7
18 1
19 14
19 4
19 11
19 5
19 6
19 1
19 3
20 2
20 6
20 10
20 12
20 3
20 1
