1 2
1 12
1 16
1 17
1 4
1 13
1 7
2 1
2 5
2 13
2 6
3 17
3 11
3 13
3 9
3 15
3 16
3 5
4 12
4 1
4 6
5 2
5 6
5 11
5 13
5 14
5 8
5 9
5 15
5 16
5 3
5 10
6 2
6 17
6 16
6 7
6 4
6 8
6 9
6 5
6 14
6 11
6 15
7 12
7 1
7 6
7 13
7 14
7 10
8 6
8 14
8 9
8 5
9 6
9 11
9 8
9 5
9 3
10 11
10 7
10 5
11 6
11 17
11 3
11 13
11 15
11 16
11 10
11 9
11 5
12 1
12 7
12 16
12 17
12 4
13 2
13 1
13 17
13 11
13 7
13 3
13 16
13 5
14 6
14 15
14 5
14 7
14 8
15 6
15 17
15 11
15 14
15 5
15 3
16 12
16 1
16 6
16 17
16 11
16 13
16 3
16 5
17 12
17 1
17 6
17 16
17 11
17 3
17 13
17 15
