1 10
1 9
1 2
1 3
1 8
2 10
2 1
2 3
2 11
2 12
2 18
2 13
2 7
3 17
3 10
3 9
3 2
3 18
3 7
3 1
3 8
3 15
4 17
4 14
4 6
4 5
4 15
4 16
5 10
5 11
5 14
5 12
5 6
5 4
5 15
6 17
6 9
6 11
6 7
6 14
6 12
6 13
6 4
6 5
6 16
7 17
7 2
7 16
7 6
7 3
8 9
8 18
8 11
8 3
8 12
8 1
9 12
9 8
9 6
9 11
9 1
9 3
10 1
10 3
10 15
10 14
10 5
10 2
11 17
11 9
11 2
11 6
11 12
11 16
11 8
11 5
12 9
12 2
12 11
12 8
12 6
12 16
12 5
13 17
13 2
13 14
13 6
13 16
13 15
14 17
14 10
14 4
14 15
14 6
14 5
14 13
14 16
15 17
15 10
15 14
15 3
15 4
15 13
15 16
15 5
16 17
16 18
16 11
16 7
16 14
16 12
16 6
16 4
16 13
16 15
17 16
17 15
17 7
17 13
17 3
17 11
17 6
17 14
17 4
18 2
18 16
18 8
18 3
