1 13
1 5
1 2
1 14
2 5
2 1
2 11
3 4
3 17
3 13
4 3
4 13
4 15
4 14
4 17
5 9
5 12
5 6
5 1
5 2
5 19
5 18
5 11
5 7
6 9
6 12
6 5
6 19
6 8
6 7
6 18
7 9
7 12
7 13
7 6
7 5
7 8
7 18
7 14
7 15
8 9
8 12
8 6
8 7
8 15
8 18
8 16
9 12
9 6
9 5
9 8
9 7
9 10
9 14
10 9
10 12
10 13
10 14
11 5
11 16
11 2
11 18
12 9
12 6
12 8
12 7
12 14
12 10
12 15
12 5
12 18
13 3
13 4
13 14
13 1
13 7
13 15
13 10
14 9
14 12
14 13
14 1
14 7
14 10
14 4
15 12
15 13
15 7
15 8
15 4
15 16
16 11
16 15
16 8
17 3
17 4
18 12
18 6
18 5
18 11
18 7
18 19
18 8
19 6
19 5
19 18
