1 2
1 16
1 17
1 7
1 11
1 18
1 14
1 10
2 1
2 18
2 10
2 16
2 17
2 14
3 5
3 6
3 4
4 5
4 6
4 3
5 3
5 6
5 12
5 4
5 9
6 5
6 17
6 8
6 9
6 3
6 4
6 12
7 11
7 10
7 1
8 16
8 17
8 6
8 10
8 11
8 13
8 14
8 18
9 5
9 16
9 6
9 14
9 12
9 13
9 15
10 2
10 16
10 17
10 8
10 7
10 11
10 18
10 1
11 16
11 17
11 8
11 7
11 10
11 1
12 5
12 6
12 18
12 14
12 13
12 15
12 9
13 16
13 17
13 8
13 14
13 12
13 15
13 9
14 2
14 8
14 18
14 12
14 13
14 1
14 9
15 16
15 17
15 12
15 13
15 9
16 2
16 17
16 15
16 8
16 9
16 1
16 13
16 11
16 10
17 2
17 16
17 15
17 6
17 8
17 18
17 11
17 10
17 1
17 13
18 2
18 17
18 8
18 14
18 1
18 10
18 12
