1 7
1 5
1 16
1 11
1 2
1 17
1 14
2 7
2 5
2 16
2 10
2 11
2 1
2 14
2 17
3 7
3 5
3 4
3 15
3 8
3 13
3 12
3 17
3 10
3 9
3 14
4 7
4 3
4 5
4 16
4 9
4 15
4 6
4 17
4 14
4 8
5 7
5 3
5 4
5 17
5 15
5 8
5 9
5 6
5 1
5 2
5 10
6 7
6 4
6 5
6 16
6 11
6 17
7 17
7 6
7 5
7 4
7 3
7 12
7 13
7 1
7 2
8 3
8 4
8 5
8 9
9 3
9 4
9 5
9 11
9 15
9 14
9 8
10 3
10 5
10 15
10 12
10 2
10 13
11 16
11 1
11 6
11 2
11 9
12 7
12 3
12 16
12 10
12 13
12 17
12 14
12 15
13 7
13 3
13 16
13 10
13 12
13 15
13 17
14 3
14 4
14 12
14 15
14 1
14 9
14 2
15 3
15 4
15 5
15 10
15 12
15 14
15 13
15 9
16 4
16 1
16 11
16 6
16 12
16 13
16 2
17 7
17 3
17 4
17 5
17 12
17 1
17 6
17 13
17 2
