1 8
1 6
1 5
1 16
1 7
1 12
1 14
1 13
2 8
2 11
2 5
2 17
2 16
2 9
2 15
2 13
3 8
3 4
3 7
3 5
3 16
3 10
3 18
3 14
3 12
3 13
3 17
4 8
4 6
4 7
4 3
4 5
4 17
4 16
5 8
5 1
5 2
5 4
5 7
5 3
5 16
5 10
5 17
6 1
6 7
6 13
6 4
6 12
6 14
6 16
6 11
7 1
7 6
7 4
7 3
7 5
7 11
7 17
7 13
8 5
8 2
8 4
8 3
8 10
8 1
9 2
9 17
10 8
10 3
10 15
10 5
10 18
11 6
11 2
11 7
11 16
12 1
12 6
12 3
12 14
12 13
12 18
13 1
13 6
13 2
13 7
13 3
13 12
13 14
14 1
14 6
14 3
14 12
14 13
14 18
15 2
15 16
15 17
15 10
15 18
16 1
16 6
16 2
16 4
16 3
16 15
16 11
16 5
17 2
17 4
17 7
17 3
17 9
17 15
17 5
18 3
18 15
18 12
18 14
18 10
