1 7
1 4
1 16
1 8
1 9
2 4
2 16
2 13
2 3
2 11
2 6
2 5
3 4
3 16
3 9
3 13
3 14
3 2
3 11
3 15
3 10
4 7
4 16
4 17
4 1
4 3
4 2
4 11
4 13
4 9
5 7
5 8
5 13
5 2
5 6
5 15
6 14
6 2
6 5
6 15
7 1
7 8
7 17
7 12
7 4
7 5
8 7
8 12
8 1
8 5
8 10
9 4
9 16
9 13
9 3
9 11
9 14
9 1
9 17
10 8
10 3
10 11
11 4
11 9
11 14
11 2
11 3
11 10
11 15
12 7
12 16
12 8
12 14
12 17
13 4
13 16
13 9
13 14
13 2
13 3
13 5
14 9
14 13
14 15
14 12
14 3
14 11
14 6
15 14
15 3
15 5
15 11
15 6
16 4
16 17
16 1
16 9
16 12
16 13
16 3
16 2
17 7
17 4
17 16
17 9
17 12
