1 3
1 4
1 2
1 9
1 16
1 13
1 12
1 7
1 8
1 15
2 11
2 3
2 1
2 10
2 15
2 7
2 4
2 8
3 6
3 4
3 1
3 2
3 17
3 16
3 5
3 15
3 7
3 8
4 6
4 3
4 1
4 15
4 2
4 13
4 5
5 11
5 6
5 3
5 12
5 10
5 4
5 14
6 11
6 5
6 4
6 17
6 3
6 14
7 3
7 1
7 12
7 8
7 9
7 16
7 2
7 17
7 14
8 3
8 1
8 15
8 7
8 17
8 9
8 16
8 2
8 14
9 1
9 18
9 7
9 16
9 8
10 11
10 18
10 2
10 5
11 5
11 10
11 18
11 2
11 6
11 12
12 11
12 1
12 15
12 5
12 13
12 14
12 7
13 1
13 18
13 12
13 15
13 4
13 17
14 6
14 18
14 12
14 7
14 17
14 5
14 8
15 3
15 1
15 12
15 13
15 8
15 2
15 4
16 3
16 1
16 18
16 7
16 9
16 8
17 6
17 3
17 7
17 8
17 14
17 13
18 11
18 16
18 10
18 9
18 13
18 14
