1 10
1 15
1 14
2 10
2 3
2 17
2 16
2 4
2 15
3 10
3 2
3 16
3 15
3 12
3 8
3 13
3 17
3 4
4 3
4 17
4 6
4 2
4 16
5 11
5 10
5 9
5 7
6 12
6 17
6 7
6 13
6 14
6 4
6 9
6 16
7 11
7 10
7 17
7 5
7 6
7 8
7 15
7 9
8 10
8 3
8 12
8 9
8 13
8 14
8 7
8 15
9 11
9 10
9 12
9 5
9 6
9 8
9 15
9 7
10 11
10 9
10 8
10 5
10 7
10 2
10 16
10 3
10 1
10 15
11 10
11 5
11 9
11 7
11 15
12 3
12 8
12 13
12 14
12 9
12 15
12 6
13 3
13 12
13 6
13 8
13 15
13 14
14 12
14 1
14 6
14 8
14 15
14 13
15 11
15 10
15 3
15 12
15 1
15 2
15 8
15 9
15 7
15 14
15 13
16 10
16 3
16 17
16 6
16 2
16 4
17 3
17 16
17 4
17 2
17 6
17 7
