1 2
1 8
1 9
1 14
1 15
1 16
1 13
1 7
1 3
2 1
2 10
2 3
2 13
3 1
3 2
3 8
3 4
3 5
3 7
3 13
3 15
3 10
4 8
4 6
4 5
4 3
4 10
4 14
4 7
4 15
4 9
4 13
5 8
5 4
5 3
5 13
5 14
5 7
5 11
5 15
5 10
6 8
6 4
6 16
6 15
6 9
7 1
7 8
7 16
7 4
7 9
7 5
7 3
7 13
8 12
8 1
8 9
8 15
8 7
8 16
8 4
8 5
8 3
8 6
9 1
9 8
9 6
9 16
9 4
9 15
9 7
9 14
10 2
10 4
10 5
10 13
10 3
11 16
11 5
11 13
11 15
12 14
12 8
12 15
13 1
13 2
13 16
13 4
13 5
13 7
13 14
13 10
13 11
13 3
13 15
14 12
14 1
14 16
14 4
14 9
14 5
14 13
15 12
15 1
15 8
15 6
15 16
15 4
15 9
15 5
15 13
15 3
15 11
16 1
16 8
16 6
16 15
16 9
16 7
16 14
16 13
16 11
