1 9
1 10
1 3
1 15
1 4
1 14
1 5
1 2
2 9
2 3
2 11
2 15
2 14
2 12
2 13
2 5
2 1
3 9
3 16
3 15
3 6
3 1
3 2
3 12
3 8
4 9
4 5
4 8
4 12
4 1
4 17
5 9
5 15
5 4
5 6
5 17
5 12
5 8
5 7
5 1
5 2
6 10
6 16
6 3
6 7
6 8
6 12
6 5
7 9
7 10
7 6
7 12
7 5
7 8
8 10
8 3
8 11
8 4
8 6
8 12
8 13
8 5
8 7
9 10
9 1
9 7
9 13
9 2
9 3
9 14
9 4
9 5
10 9
10 7
10 1
10 6
10 8
10 14
10 13
11 13
11 12
11 14
11 2
11 8
12 3
12 11
12 4
12 6
12 14
12 8
12 13
12 5
12 7
12 2
13 9
13 10
13 11
13 14
13 12
13 2
13 8
14 9
14 10
14 11
14 2
14 1
14 12
14 13
15 16
15 3
15 5
15 2
15 1
16 3
16 15
16 6
17 4
17 5
