1 2
1 16
1 10
1 11
1 15
1 13
2 16
2 1
2 17
2 15
2 13
3 8
3 6
3 15
3 5
3 7
3 12
3 4
4 15
4 13
4 14
4 12
4 3
5 6
5 10
5 11
5 13
5 3
6 5
6 16
6 17
6 13
6 3
7 8
7 11
7 13
7 14
7 9
7 3
8 7
8 11
8 14
8 9
8 3
8 13
9 8
9 7
10 16
10 11
10 17
10 14
10 15
10 5
10 1
11 8
11 10
11 17
11 14
11 13
11 12
11 5
11 15
11 1
11 7
12 11
12 15
12 13
12 14
12 4
12 3
13 8
13 6
13 2
13 11
13 5
13 1
13 14
13 12
13 4
13 7
14 8
14 10
14 11
14 13
14 12
14 4
14 7
15 2
15 10
15 17
15 11
15 1
15 12
15 4
15 3
16 6
16 2
16 17
16 1
16 10
17 6
17 2
17 16
17 10
17 11
17 15
