1 7
1 11
1 3
1 2
1 14
1 13
1 12
1 16
1 10
1 4
2 1
2 14
2 8
2 13
2 12
2 3
3 1
3 8
3 4
3 2
3 5
4 7
4 9
4 11
4 1
4 16
4 8
4 10
4 3
4 15
5 7
5 9
5 8
5 10
5 3
6 14
6 8
6 12
6 13
7 9
7 10
7 1
7 4
7 5
8 3
8 12
8 6
8 2
8 5
8 4
9 7
9 10
9 5
9 4
9 14
9 13
9 16
10 7
10 9
10 11
10 1
10 16
10 14
10 13
10 4
10 15
10 5
11 4
11 10
11 16
11 1
12 1
12 14
12 8
12 6
12 13
12 2
13 9
13 1
13 14
13 6
13 12
13 2
13 10
14 9
14 1
14 16
14 13
14 12
14 2
14 6
14 10
14 15
15 16
15 14
15 4
15 10
16 9
16 11
16 1
16 10
16 15
16 4
16 14
