1 14
1 3
1 15
1 2
1 12
2 1
2 14
2 12
2 13
2 3
2 15
2 16
2 11
3 1
3 14
3 10
3 15
3 2
3 9
3 7
4 5
4 7
4 9
4 16
5 4
5 16
5 10
6 12
6 9
6 10
6 7
7 14
7 12
7 3
7 15
7 4
7 8
7 9
7 10
7 6
8 12
8 13
8 11
8 9
8 16
8 7
8 17
9 14
9 3
9 15
9 4
9 8
9 16
9 7
9 11
9 6
10 3
10 16
10 5
10 6
10 7
11 12
11 13
11 8
11 17
11 2
11 9
12 1
12 14
12 13
12 11
12 2
12 7
12 6
12 8
12 15
13 12
13 2
13 11
13 8
14 1
14 15
14 3
14 9
14 7
14 2
14 12
15 1
15 14
15 12
15 3
15 2
15 9
15 7
16 4
16 8
16 10
16 5
16 9
16 2
17 8
17 11
