1 8
1 13
1 14
1 15
1 9
2 6
2 7
2 14
2 4
2 15
3 10
3 12
3 17
3 11
4 16
4 13
4 5
4 11
4 2
5 16
5 6
5 7
5 4
5 11
6 16
6 10
6 8
6 7
6 17
6 9
6 5
6 13
6 2
6 14
7 10
7 8
7 6
7 2
7 5
7 9
7 14
7 17
8 15
8 9
8 6
8 14
8 13
8 1
8 17
8 7
9 8
9 6
9 7
9 13
9 1
9 17
9 15
10 12
10 11
10 13
10 3
10 6
10 7
11 10
11 12
11 3
11 5
11 4
12 10
12 11
12 14
12 15
12 3
13 16
13 10
13 8
13 6
13 1
13 14
13 15
13 9
13 4
14 12
14 8
14 6
14 7
14 13
14 1
14 15
14 2
15 12
15 8
15 13
15 1
15 14
15 9
15 2
16 6
16 4
16 5
16 13
17 3
17 8
17 6
17 7
17 9
