1 10
1 12
1 3
1 16
1 8
1 13
1 17
1 14
1 11
2 5
2 9
2 13
2 6
2 7
3 10
3 13
3 11
3 14
3 1
4 12
4 8
4 14
4 9
4 6
4 11
5 6
5 2
5 7
5 13
5 11
6 10
6 12
6 8
6 5
6 4
6 11
6 14
6 2
6 7
6 15
7 5
7 11
7 14
7 2
7 6
8 10
8 1
8 16
8 14
8 6
8 11
8 4
8 17
9 10
9 12
9 4
9 17
9 11
9 15
9 2
10 12
10 11
10 9
10 6
10 3
10 13
10 1
10 15
10 8
10 16
11 10
11 12
11 3
11 1
11 8
11 5
11 4
11 6
11 14
11 9
11 16
11 15
11 7
11 13
12 10
12 11
12 4
12 14
12 13
12 6
12 15
12 1
12 9
13 10
13 12
13 3
13 1
13 5
13 11
13 2
14 12
14 3
14 1
14 8
14 4
14 17
14 11
14 16
14 6
14 7
15 10
15 12
15 17
15 11
15 9
15 6
15 16
16 10
16 1
16 8
16 17
16 11
16 14
16 15
17 1
17 8
17 16
17 15
17 14
17 9
