1 5
1 2
1 10
1 9
1 8
1 18
2 5
2 1
2 6
2 18
2 7
2 4
3 5
3 12
3 4
3 11
4 5
4 2
4 14
4 3
4 9
5 4
5 2
5 14
5 18
5 3
5 1
5 9
5 6
5 7
6 5
6 17
6 16
6 7
6 18
6 11
6 2
6 13
6 12
6 10
7 5
7 17
7 16
7 6
7 2
7 10
7 18
7 13
8 17
8 1
8 15
8 16
8 14
8 10
8 9
8 11
9 5
9 1
9 16
9 10
9 4
9 8
10 17
10 1
10 15
10 16
10 6
10 8
10 9
10 7
10 11
11 16
11 6
11 10
11 3
11 18
11 12
11 8
12 17
12 15
12 6
12 3
12 13
12 11
13 17
13 15
13 16
13 6
13 18
13 12
13 7
14 5
14 4
14 8
15 17
15 16
15 10
15 13
15 12
15 8
15 18
16 17
16 15
16 10
16 11
16 8
16 13
16 9
16 7
16 6
17 13
17 15
17 16
17 12
17 8
17 10
17 7
17 6
17 18
18 5
18 17
18 1
18 15
18 6
18 2
18 11
18 13
18 7
