1 3
1 4
1 14
1 15
1 5
2 9
2 10
2 11
2 12
2 16
2 8
2 13
3 9
3 4
3 1
3 5
3 14
3 12
3 6
3 8
3 7
4 9
4 3
4 7
4 16
4 13
4 8
4 6
4 12
4 1
4 5
4 14
5 10
5 3
5 4
5 12
5 14
5 13
5 15
5 1
6 3
6 4
6 7
6 13
6 15
7 3
7 4
7 6
7 15
7 16
7 13
7 12
8 9
8 10
8 3
8 4
8 11
8 16
8 2
9 8
9 2
9 15
9 11
9 3
9 4
9 16
10 11
10 5
10 8
10 13
10 16
10 2
11 9
11 10
11 16
11 14
11 15
11 2
11 8
12 3
12 4
12 7
12 13
12 5
12 2
13 10
13 4
13 7
13 12
13 5
13 6
13 2
14 3
14 4
14 11
14 15
14 5
14 1
15 9
15 11
15 7
15 14
15 5
15 1
15 6
16 9
16 10
16 4
16 11
16 7
16 2
16 8
