1 16
1 4
1 9
1 11
1 8
1 2
1 6
2 9
2 1
2 6
2 18
2 8
3 5
3 12
3 18
4 16
4 10
4 14
4 17
4 1
4 8
4 11
4 15
5 18
5 9
5 8
5 7
5 15
5 13
5 14
5 16
5 3
6 9
6 1
6 2
6 8
6 18
7 5
7 9
7 17
7 18
7 15
8 5
8 10
8 4
8 14
8 9
8 1
8 11
8 6
8 12
8 2
8 18
9 5
9 14
9 8
9 1
9 18
9 11
9 7
9 6
9 2
10 11
10 12
10 8
10 4
11 10
11 4
11 9
11 1
11 12
11 8
12 10
12 11
12 3
12 8
13 5
13 14
13 17
13 18
14 5
14 13
14 4
14 8
14 9
14 17
14 18
15 5
15 16
15 4
15 17
15 7
16 5
16 4
16 15
16 1
16 18
16 17
17 16
17 13
17 4
17 14
17 7
17 15
18 5
18 16
18 13
18 14
18 9
18 6
18 2
18 3
18 7
18 8
