1 16
1 8
1 9
1 13
1 12
2 6
2 3
2 5
2 11
2 4
2 7
2 9
2 12
3 15
3 6
3 5
3 4
3 2
3 9
3 7
3 12
3 8
4 6
4 3
4 5
4 8
4 2
4 12
4 7
4 9
5 6
5 14
5 3
5 2
5 4
5 7
5 12
5 16
5 9
6 5
6 8
6 11
6 10
6 3
6 2
6 4
6 14
6 16
7 3
7 5
7 11
7 2
7 4
7 10
7 13
8 1
8 6
8 3
8 11
8 9
8 4
8 16
9 1
9 3
9 5
9 11
9 8
9 16
9 2
9 4
10 15
10 6
10 14
10 7
11 15
11 6
11 14
11 8
11 9
11 7
11 2
11 16
12 1
12 3
12 5
12 16
12 2
12 4
12 13
13 1
13 16
13 7
13 12
14 6
14 11
14 10
14 5
15 3
15 11
15 10
16 1
16 6
16 5
16 11
16 8
16 9
16 13
16 12
