1 9
1 14
1 5
1 11
1 7
1 13
1 10
1 6
1 15
1 12
1 4
2 3
2 14
2 16
2 18
2 8
2 12
2 4
3 2
3 14
3 4
3 15
3 16
3 18
3 8
3 12
4 3
4 14
4 11
4 7
4 13
4 15
4 1
4 2
4 8
4 18
4 12
5 6
5 7
5 1
5 11
6 5
6 11
6 17
6 1
7 9
7 14
7 5
7 10
7 15
7 1
7 4
8 3
8 15
8 2
8 16
8 18
8 4
9 10
9 7
9 15
9 1
10 9
10 14
10 7
10 15
10 1
11 5
11 13
11 12
11 17
11 6
11 1
11 4
11 16
11 18
12 3
12 14
12 11
12 13
12 15
12 1
12 2
12 4
12 17
13 11
13 17
13 12
13 4
13 1
14 3
14 15
14 1
14 2
14 10
14 7
14 4
14 12
15 9
15 3
15 14
15 7
15 10
15 8
15 4
15 1
15 12
16 3
16 11
16 2
16 8
16 18
17 11
17 13
17 6
17 12
18 3
18 11
18 2
18 16
18 8
18 4
