1 17
1 11
1 13
1 7
1 5
1 4
2 3
2 17
2 12
2 15
2 10
2 4
2 8
2 14
2 16
3 13
3 11
3 8
3 12
3 2
4 12
4 7
4 2
4 5
4 6
4 1
5 11
5 12
5 13
5 8
5 1
5 4
5 9
6 7
6 14
6 4
7 17
7 10
7 1
7 6
7 4
8 3
8 11
8 12
8 2
8 18
8 5
8 9
8 10
9 17
9 15
9 5
9 16
9 14
9 8
10 12
10 7
10 2
10 18
10 8
11 3
11 13
11 14
11 5
11 1
11 8
12 3
12 17
12 2
12 10
12 8
12 5
12 4
12 15
12 16
13 3
13 17
13 11
13 14
13 1
13 5
14 17
14 11
14 13
14 2
14 6
14 9
15 17
15 12
15 9
15 16
15 2
16 17
16 12
16 15
16 2
16 9
17 15
17 16
17 13
17 14
17 9
17 18
17 7
17 1
17 12
17 2
18 17
18 8
18 10
