1 2
1 14
1 6
1 16
1 13
1 15
1 10
1 7
2 13
2 16
2 15
2 17
2 9
2 5
2 1
2 12
3 4
3 17
3 11
3 13
4 3
4 11
5 2
5 9
5 11
5 17
5 8
5 7
6 14
6 16
6 1
6 15
6 7
6 11
6 10
6 18
7 6
7 16
7 1
7 5
7 8
8 9
8 11
8 17
8 5
8 7
9 2
9 12
9 5
9 17
9 11
9 8
10 6
10 16
10 1
10 15
11 3
11 9
11 6
11 4
11 8
11 5
11 17
12 2
12 13
12 9
13 2
13 3
13 12
13 16
13 18
13 15
13 1
14 6
14 16
14 1
14 17
14 18
15 2
15 6
15 16
15 13
15 1
15 10
15 18
16 2
16 14
16 6
16 1
16 15
16 10
16 18
16 13
16 7
17 2
17 3
17 9
17 14
17 11
17 5
17 8
18 14
18 6
18 16
18 13
18 15
