1 14
1 15
1 13
1 10
1 4
1 3
2 16
2 14
2 15
2 7
2 11
2 9
3 13
3 10
3 4
3 1
3 7
4 14
4 15
4 13
4 10
4 1
4 3
5 6
5 14
5 15
5 10
5 7
5 11
6 5
6 15
6 11
6 7
7 6
7 13
7 10
7 2
7 11
7 9
7 3
7 5
8 16
8 15
8 12
9 14
9 15
9 13
9 10
9 2
9 7
9 11
10 16
10 13
10 9
10 7
10 5
10 3
10 4
10 12
10 1
11 6
11 16
11 14
11 12
11 2
11 7
11 5
11 9
12 16
12 13
12 10
12 11
12 8
13 16
13 12
13 10
13 3
13 4
13 9
13 7
13 1
14 15
14 9
14 5
14 4
14 1
14 2
14 11
15 6
15 14
15 9
15 4
15 1
15 2
15 5
15 8
16 12
16 13
16 10
16 2
16 8
16 11
