1 11
1 4
1 7
1 5
1 8
1 16
1 3
2 10
2 9
2 18
2 3
2 16
3 9
3 18
3 2
3 1
3 16
4 14
4 15
4 10
4 9
4 11
4 8
4 1
4 16
5 12
5 10
5 9
5 7
5 1
6 17
6 14
7 15
7 12
7 10
7 9
7 5
7 1
8 14
8 15
8 10
8 9
8 11
8 4
8 13
8 1
8 16
9 10
9 2
9 18
9 3
9 13
9 4
9 8
9 5
9 7
10 12
10 13
10 9
10 8
10 18
10 4
10 5
10 7
10 2
11 12
11 1
11 8
11 4
12 14
12 15
12 17
12 11
12 7
12 5
12 10
12 13
13 12
13 10
13 9
13 18
13 8
14 6
14 15
14 8
14 4
14 12
15 14
15 17
15 12
15 8
15 4
15 7
16 4
16 2
16 8
16 1
16 3
17 6
17 15
17 12
18 10
18 9
18 2
18 13
18 3
