1 5
1 2
1 6
1 7
1 9
1 14
1 4
1 16
1 12
2 9
2 1
2 4
2 6
2 7
2 16
2 12
3 4
3 11
3 15
3 16
3 17
3 9
4 2
4 3
4 1
4 11
4 17
4 14
5 8
5 14
5 13
5 9
5 11
5 1
6 2
6 7
6 15
6 9
6 1
6 10
6 12
6 11
6 17
6 16
7 2
7 6
7 1
7 15
7 10
7 9
7 13
8 5
8 9
8 14
9 5
9 2
9 6
9 7
9 8
9 3
9 1
9 15
10 6
10 7
11 5
11 6
11 3
11 12
11 16
11 15
11 4
12 2
12 6
12 1
12 11
12 16
12 15
12 17
13 5
13 7
14 5
14 8
14 1
14 17
14 15
14 16
14 4
15 6
15 7
15 3
15 9
15 11
15 12
15 17
15 16
15 14
16 2
16 6
16 3
16 1
16 11
16 12
16 17
16 15
16 14
17 6
17 3
17 12
17 15
17 16
17 4
17 14
