1 13
1 16
2 4
2 3
2 7
2 16
2 17
2 18
2 12
3 4
3 5
3 11
3 16
3 2
3 10
3 15
3 6
4 3
4 16
4 2
4 9
4 8
4 7
4 11
4 10
4 15
5 14
5 6
5 15
5 18
5 17
5 12
5 8
5 3
6 14
6 5
6 3
6 8
6 9
6 7
6 15
6 12
7 4
7 6
7 2
7 8
7 9
7 16
7 17
8 4
8 5
8 6
8 9
8 7
8 16
8 12
8 17
9 4
9 6
9 8
9 7
9 16
9 17
10 4
10 3
10 11
10 16
11 4
11 3
11 10
11 16
12 5
12 6
12 2
12 8
12 15
13 1
13 16
14 15
14 5
14 18
14 17
14 6
15 14
15 4
15 5
15 3
15 6
15 17
15 16
15 12
15 18
16 4
16 3
16 10
16 13
16 2
16 8
16 9
16 7
16 11
16 1
16 15
17 14
17 5
17 2
17 8
17 9
17 7
17 18
17 15
18 14
18 5
18 2
18 17
18 15
