1 4
1 2
1 13
1 12
1 14
2 16
2 1
2 3
2 13
2 17
2 5
2 10
2 7
3 16
3 2
3 10
3 7
3 17
3 13
4 1
4 14
4 13
4 12
5 16
5 14
5 2
5 15
5 12
5 6
5 17
6 16
6 10
6 9
6 13
6 12
6 8
6 5
6 17
7 16
7 2
7 11
7 3
7 17
8 13
8 12
8 6
9 16
9 10
9 11
9 6
10 16
10 2
10 15
10 9
10 17
10 3
10 6
10 11
11 14
11 10
11 7
11 9
12 1
12 14
12 13
12 8
12 5
12 4
12 6
12 17
13 16
13 1
13 14
13 2
13 3
13 17
13 12
13 8
13 4
13 6
14 1
14 4
14 17
14 13
14 12
14 11
14 5
15 16
15 5
15 10
16 10
16 17
16 6
16 15
16 9
16 13
16 5
16 7
16 3
16 2
17 16
17 14
17 2
17 10
17 3
17 13
17 12
17 5
17 6
17 7
