1 15
1 3
1 4
1 12
1 2
1 10
1 11
1 5
1 8
2 15
2 3
2 4
2 1
2 12
2 5
2 10
2 11
2 8
3 15
3 4
3 8
3 1
3 2
3 5
3 10
3 17
3 12
3 11
4 7
4 15
4 3
4 1
4 2
4 8
4 5
4 6
4 12
4 16
4 14
4 13
4 10
4 11
5 15
5 3
5 4
5 1
5 13
5 6
5 2
5 10
6 15
6 4
6 17
6 14
6 13
6 5
6 8
6 11
7 9
7 13
7 16
7 15
7 4
7 11
8 3
8 4
8 1
8 12
8 17
8 6
8 2
9 10
9 16
9 13
9 7
9 17
10 9
10 3
10 4
10 1
10 17
10 13
10 5
10 2
11 7
11 3
11 4
11 1
11 17
11 6
11 2
12 15
12 3
12 4
12 1
12 2
12 8
13 9
13 7
13 15
13 4
13 14
13 6
13 10
13 5
14 15
14 4
14 16
14 13
14 6
15 7
15 14
15 13
15 4
15 5
15 6
15 16
15 12
15 3
15 1
15 2
16 9
16 7
16 15
16 4
16 14
17 9
17 3
17 10
17 8
17 6
17 11
