1 3
1 11
1 13
1 9
1 12
1 14
2 17
2 10
2 5
2 6
2 4
3 11
3 1
3 14
3 12
3 15
3 13
3 9
4 17
4 5
4 6
4 7
4 13
4 14
4 2
4 16
5 17
5 6
5 4
5 16
5 11
5 2
5 12
5 7
6 17
6 10
6 5
6 4
6 16
6 7
6 2
7 5
7 6
7 4
7 16
7 13
7 14
8 9
9 3
9 11
9 8
9 12
9 14
9 1
10 17
10 6
10 16
10 11
10 2
11 10
11 5
11 3
11 12
11 14
11 1
11 9
11 13
11 15
12 5
12 3
12 11
12 13
12 9
12 14
12 1
13 3
13 11
13 7
13 14
13 12
13 4
13 1
14 3
14 11
14 7
14 13
14 9
14 4
14 12
14 1
15 3
15 11
16 10
16 5
16 6
16 7
16 4
17 2
17 5
17 4
17 6
17 10
