1 7
1 6
1 5
1 3
1 10
2 7
2 11
2 10
2 5
2 6
3 1
3 7
3 13
3 14
3 16
3 11
4 8
4 16
4 9
5 1
5 7
5 11
5 16
5 8
5 2
5 6
6 1
6 7
6 13
6 11
6 16
6 8
6 14
6 2
6 5
7 1
7 6
7 5
7 3
7 8
7 16
7 11
7 2
8 7
8 11
8 4
8 9
8 10
8 16
8 14
8 5
8 6
9 13
9 4
9 8
9 14
9 16
9 10
10 12
10 1
10 15
10 11
10 9
10 2
10 8
11 12
11 7
11 3
11 13
11 2
11 5
11 8
11 16
11 6
11 10
12 11
12 10
12 14
12 13
12 16
13 12
13 3
13 14
13 6
13 11
13 16
13 9
14 12
14 3
14 13
14 9
14 8
14 6
15 10
16 12
16 7
16 3
16 13
16 11
16 4
16 9
16 8
16 5
16 6
