1 15
1 14
1 9
1 2
1 16
1 10
1 13
1 11
1 3
1 8
1 5
1 6
1 12
2 7
2 15
2 14
2 9
2 12
2 1
2 11
2 13
2 8
2 16
2 10
3 7
3 4
3 15
3 10
3 11
3 1
3 8
4 15
4 16
4 3
5 15
5 16
5 10
5 1
5 6
5 8
6 15
6 16
6 10
6 13
6 1
6 5
6 8
7 8
7 9
7 16
7 3
7 14
7 12
7 2
7 13
8 7
8 15
8 14
8 9
8 2
8 16
8 13
8 3
8 1
8 5
8 12
8 6
9 7
9 14
9 2
9 12
9 8
9 1
9 11
9 13
10 15
10 2
10 16
10 11
10 1
10 3
10 5
10 6
11 15
11 9
11 2
11 10
11 13
11 3
11 1
12 7
12 14
12 9
12 2
12 16
12 1
12 8
13 7
13 9
13 2
13 11
13 6
13 8
13 1
14 7
14 2
14 9
14 12
14 8
14 1
15 4
15 1
15 16
15 10
15 2
15 8
15 3
15 5
15 6
15 11
16 7
16 4
16 15
16 2
16 8
16 12
16 5
16 6
16 1
16 10
