1 14
1 12
1 2
1 10
1 7
1 16
1 13
2 12
2 3
2 1
2 10
2 13
2 4
2 11
3 6
3 4
3 7
3 9
3 17
3 10
3 13
3 15
3 2
3 11
4 14
4 6
4 8
4 3
4 2
4 10
4 15
4 13
4 7
4 11
5 12
5 8
6 3
6 7
6 4
6 9
6 17
7 6
7 3
7 9
7 4
7 17
7 1
8 14
8 9
8 5
8 13
8 10
8 15
8 4
9 14
9 6
9 8
9 3
9 13
9 7
10 14
10 12
10 8
10 3
10 2
10 11
10 13
10 1
10 17
10 16
10 4
11 12
11 3
11 2
11 10
11 4
11 16
11 13
11 17
12 10
12 11
12 1
12 2
12 13
12 5
12 17
12 16
13 14
13 12
13 8
13 3
13 2
13 9
13 10
13 4
13 1
13 15
13 11
14 13
14 10
14 1
14 8
14 9
14 4
14 15
15 14
15 8
15 3
15 4
15 13
16 12
16 10
16 17
16 11
16 1
17 12
17 6
17 3
17 10
17 7
17 16
17 11
