1 5
1 3
1 6
1 11
1 4
1 15
2 11
2 15
2 14
3 5
3 1
3 6
3 11
3 4
4 5
4 1
4 16
4 10
4 13
4 6
4 3
4 15
4 7
4 14
5 1
5 6
5 4
5 3
5 15
5 11
5 16
5 10
5 7
5 13
6 5
6 1
6 16
6 10
6 13
6 4
6 15
6 7
6 8
6 3
7 5
7 9
7 12
7 6
7 8
7 15
7 11
7 4
8 9
8 12
8 10
8 6
8 7
8 11
8 15
9 12
9 10
9 8
9 16
9 11
9 7
10 5
10 9
10 12
10 16
10 8
10 15
10 6
10 4
11 5
11 9
11 12
11 1
11 13
11 2
11 8
11 3
11 7
11 14
12 9
12 8
12 11
12 10
12 14
12 7
13 5
13 14
13 4
13 15
13 6
13 11
14 12
14 13
14 2
14 15
14 11
14 4
15 5
15 1
15 16
15 10
15 13
15 2
15 6
15 8
15 14
15 7
15 4
16 5
16 9
16 10
16 15
16 6
16 4
