1 8
1 15
1 2
1 7
2 17
2 15
2 6
2 11
2 7
2 3
2 4
2 1
3 13
3 8
3 9
3 10
3 17
3 15
3 12
3 16
3 2
3 4
3 7
3 11
4 17
4 6
4 2
4 3
4 11
5 8
5 9
5 10
5 14
5 7
6 13
6 17
6 15
6 12
6 16
6 11
6 2
6 4
7 8
7 9
7 10
7 15
7 16
7 5
7 2
7 11
7 1
7 3
7 14
8 10
8 7
8 9
8 1
8 3
8 5
8 14
8 15
9 8
9 10
9 7
9 3
9 5
9 14
9 15
10 8
10 9
10 7
10 16
10 15
10 3
10 5
10 14
11 17
11 15
11 6
11 2
11 4
11 7
11 3
12 13
12 17
12 15
12 6
12 16
12 3
13 12
13 3
13 6
13 16
14 8
14 9
14 10
14 5
14 7
15 8
15 9
15 10
15 16
15 7
15 1
15 2
15 12
15 6
15 11
15 3
16 13
16 10
16 15
16 12
16 6
16 7
16 3
17 2
17 11
17 6
17 12
17 3
17 4
