1 15
1 2
1 18
1 6
1 5
1 9
1 17
1 11
2 15
2 1
2 9
2 7
2 18
2 8
2 5
2 17
3 15
3 9
3 4
3 5
4 9
4 17
4 18
4 10
4 3
5 12
5 13
5 15
5 1
5 16
5 7
5 2
5 8
5 14
5 18
5 3
6 15
6 1
6 16
6 9
6 17
6 14
6 18
7 12
7 13
7 16
7 8
7 10
7 5
7 2
8 12
8 16
8 7
8 2
8 5
8 10
9 13
9 15
9 1
9 16
9 10
9 4
9 14
9 3
9 17
9 2
9 6
10 12
10 13
10 15
10 16
10 9
10 7
10 4
10 8
10 14
10 17
11 1
11 18
12 7
12 13
12 10
12 8
12 5
12 16
13 12
13 10
13 9
13 5
13 16
13 7
13 18
14 15
14 16
14 9
14 5
14 10
14 17
14 6
15 16
15 9
15 14
15 6
15 5
15 10
15 17
15 1
15 2
15 3
16 12
16 13
16 15
16 5
16 14
16 9
16 8
16 7
16 10
16 6
17 15
17 1
17 9
17 4
17 2
17 10
17 18
17 6
17 14
18 13
18 1
18 4
18 11
18 2
18 5
18 17
18 6
