1 17
1 18
1 2
1 5
1 6
1 19
1 7
1 3
2 13
2 6
2 1
2 4
3 4
3 19
3 1
4 13
4 2
4 9
4 14
4 5
4 10
4 3
4 8
4 19
4 16
5 17
5 18
5 9
5 14
5 8
5 6
5 1
5 10
5 4
5 12
5 15
5 11
6 17
6 13
6 18
6 2
6 14
6 5
6 10
6 1
6 15
6 12
6 16
7 17
7 13
7 14
7 11
7 1
7 16
8 18
8 9
8 5
8 10
8 4
8 16
9 17
9 18
9 8
9 10
9 11
9 12
9 16
9 19
9 15
9 4
9 5
10 18
10 9
10 5
10 16
10 8
10 4
10 19
10 6
11 17
11 18
11 9
11 14
11 5
11 12
11 15
11 7
12 17
12 13
12 18
12 9
12 14
12 5
12 6
12 11
12 15
13 14
13 2
13 7
13 15
13 12
13 6
13 4
14 13
14 15
14 12
14 6
14 4
14 5
14 7
14 11
15 13
15 18
15 9
15 14
15 5
15 6
15 11
15 12
16 18
16 9
16 10
16 4
16 6
16 8
16 19
16 7
17 11
17 18
17 1
17 6
17 12
17 9
17 5
17 7
18 17
18 9
18 1
18 6
18 5
18 11
18 8
18 10
18 12
18 19
18 16
18 15
19 18
19 9
19 10
19 4
19 3
19 1
19 16
