1 4
1 14
1 11
1 15
1 17
1 16
1 6
1 5
1 8
2 3
2 13
2 16
2 17
2 9
3 2
3 9
3 13
3 16
3 6
3 7
4 5
4 11
4 6
4 17
4 1
4 14
4 13
4 12
5 4
5 1
5 13
5 6
5 17
5 7
5 12
5 16
6 3
6 4
6 1
6 15
6 13
6 5
6 7
6 17
6 12
6 10
6 16
7 3
7 14
7 15
7 5
7 6
7 17
7 10
8 14
8 1
8 13
8 16
8 17
8 12
9 3
9 16
9 17
9 2
10 13
10 6
10 7
10 12
11 4
11 14
11 1
11 15
11 13
11 16
11 17
12 4
12 14
12 13
12 5
12 6
12 17
12 10
12 8
13 3
13 4
13 14
13 12
13 5
13 6
13 17
13 11
13 10
13 8
13 2
14 4
14 12
14 13
14 15
14 7
14 11
14 1
14 8
15 14
15 1
15 7
15 6
15 11
16 3
16 1
16 5
16 6
16 17
16 9
16 2
16 8
16 11
17 4
17 1
17 13
17 5
17 6
17 7
17 16
17 9
17 2
17 11
17 12
17 8
