1 3
1 13
1 16
1 14
1 2
1 9
1 15
1 4
1 6
1 12
1 7
2 3
2 1
2 4
2 12
2 8
2 7
2 6
2 18
2 17
2 11
2 13
2 16
3 2
3 11
3 4
3 17
3 18
3 13
3 1
3 16
3 9
3 10
3 12
3 6
4 3
4 1
4 12
4 2
4 6
4 17
4 13
4 16
4 5
4 18
4 11
5 9
5 4
5 12
5 7
5 15
5 6
5 16
6 3
6 1
6 9
6 4
6 12
6 7
6 2
6 18
6 5
7 1
7 9
7 8
7 10
7 11
7 18
7 2
7 5
7 6
8 9
8 7
8 11
8 10
8 18
8 2
9 3
9 1
9 11
9 10
9 7
9 6
9 5
9 8
10 3
10 9
10 8
10 7
10 13
10 11
10 14
11 3
11 9
11 4
11 12
11 8
11 7
11 2
11 10
11 17
11 18
12 3
12 1
12 4
12 6
12 2
12 18
12 5
12 11
13 3
13 1
13 4
13 2
13 14
13 16
13 10
13 15
14 1
14 13
14 17
14 10
14 16
15 1
15 13
15 16
15 5
16 3
16 1
16 4
16 2
16 13
16 15
16 14
16 5
17 3
17 4
17 2
17 11
17 14
18 3
18 4
18 12
18 8
18 7
18 2
18 11
18 6
