1 8
1 9
1 10
1 16
2 3
2 5
2 6
2 16
2 7
3 2
3 6
3 16
3 15
3 14
3 13
4 7
4 15
5 8
5 15
5 13
5 6
5 7
5 14
5 2
5 16
5 9
6 3
6 15
6 5
6 7
6 2
6 14
6 16
6 9
7 4
7 15
7 13
7 5
7 6
7 14
7 2
7 9
7 16
8 1
8 5
8 14
8 16
9 1
9 12
9 15
9 13
9 5
9 6
9 14
9 10
9 11
9 7
10 1
10 12
10 11
10 9
11 12
11 10
11 9
12 11
12 10
12 9
12 13
12 14
12 15
13 3
13 12
13 15
13 14
13 7
13 9
13 16
13 5
14 3
14 8
14 12
14 15
14 13
14 5
14 6
14 9
14 7
15 3
15 4
15 12
15 13
15 7
15 14
15 9
15 5
15 6
16 3
16 1
16 8
16 13
16 5
16 6
16 2
16 7
