1 8
1 14
1 6
1 11
1 7
1 4
1 3
1 15
1 9
2 8
2 6
2 5
2 9
3 8
3 14
3 6
3 11
3 7
3 4
3 1
3 9
3 15
4 8
4 14
4 7
4 13
4 1
4 3
4 9
4 15
5 6
5 11
5 13
5 16
5 10
5 2
6 8
6 11
6 5
6 7
6 10
6 16
6 3
6 1
6 2
6 13
7 8
7 14
7 6
7 11
7 4
7 3
7 1
7 13
8 7
8 16
8 13
8 14
8 4
8 3
8 1
8 6
8 11
8 2
9 14
9 12
9 4
9 3
9 1
9 2
9 10
10 6
10 11
10 5
10 16
10 9
10 15
11 8
11 6
11 10
11 5
11 7
11 1
11 16
11 3
12 17
12 13
12 9
12 15
13 8
13 17
13 6
13 7
13 12
13 15
13 5
13 4
14 8
14 1
14 3
14 4
14 15
14 7
14 9
15 17
15 14
15 12
15 13
15 4
15 3
15 1
15 10
16 8
16 6
16 11
16 5
16 10
17 15
17 13
17 12
