1 3
1 11
1 6
1 16
1 2
1 5
2 17
2 1
2 15
2 9
2 18
2 6
3 5
3 4
3 9
3 12
3 13
3 1
3 17
3 18
4 10
4 3
4 17
4 5
4 18
4 6
4 9
5 3
5 1
5 4
5 6
5 16
5 15
6 10
6 1
6 4
6 5
6 2
6 13
6 14
7 10
7 17
7 12
7 13
7 11
7 14
7 8
8 10
8 17
8 12
8 18
8 13
8 14
8 7
9 3
9 4
9 2
9 15
9 16
10 14
10 13
10 16
10 4
10 6
10 8
10 7
10 12
11 1
11 7
12 10
12 3
12 17
12 13
12 8
12 14
12 18
12 7
13 10
13 3
13 17
13 6
13 12
13 14
13 8
13 7
14 10
14 17
14 6
14 12
14 18
14 13
14 8
14 7
15 5
15 2
15 9
15 16
16 10
16 1
16 5
16 15
16 9
17 3
17 8
17 18
17 12
17 14
17 2
17 4
17 7
17 13
18 3
18 17
18 4
18 2
18 12
18 8
18 14
