1 3
1 10
1 14
1 6
2 15
2 11
3 1
3 16
3 17
3 4
3 18
3 15
4 5
4 16
4 13
4 17
4 3
4 15
4 14
4 18
4 11
5 4
5 18
5 8
5 16
5 11
5 17
5 13
5 14
6 1
6 9
6 14
6 10
6 15
6 12
6 13
6 11
8 5
8 16
8 13
8 17
8 18
8 10
8 11
9 10
9 13
9 12
9 6
9 14
10 1
10 9
10 6
10 13
10 8
10 14
11 6
11 5
11 16
11 13
11 17
11 8
11 15
11 12
11 14
11 18
11 4
11 2
12 9
12 6
12 16
12 13
12 17
12 11
12 14
13 9
13 6
13 5
13 16
13 14
13 8
13 12
13 15
13 10
13 11
13 4
13 18
14 1
14 9
14 6
14 5
14 13
14 12
14 10
14 11
14 4
14 18
15 6
15 16
15 13
15 17
15 3
15 11
15 2
15 18
15 4
16 5
16 15
16 17
16 11
16 12
16 8
16 18
16 3
16 4
16 13
17 5
17 16
17 18
17 11
17 12
17 3
17 15
17 8
17 4
18 5
18 16
18 13
18 17
18 8
18 3
18 15
18 14
18 4
18 11
