1 16
1 4
1 2
1 3
1 5
1 13
1 7
1 17
1 15
1 9
1 12
2 16
2 1
2 4
2 3
2 15
2 17
2 7
2 13
2 9
3 16
3 1
3 4
3 15
3 2
3 14
3 7
3 17
3 12
3 9
3 5
3 11
3 10
3 13
4 1
4 5
4 2
4 3
4 17
4 15
4 11
4 14
4 12
5 1
5 4
5 3
5 15
5 11
5 9
5 14
6 7
6 10
6 17
6 12
6 8
6 11
7 1
7 3
7 6
7 17
7 10
7 2
7 12
7 8
7 11
8 6
8 7
8 12
9 16
9 1
9 3
9 5
9 13
9 12
9 2
10 3
10 15
10 6
10 17
10 7
10 11
10 14
11 4
11 3
11 15
11 6
11 17
11 7
11 10
11 14
11 5
12 1
12 4
12 3
12 15
12 6
12 7
12 8
12 9
13 16
13 1
13 3
13 15
13 2
13 9
14 4
14 3
14 15
14 11
14 5
14 10
15 1
15 4
15 3
15 14
15 2
15 12
15 13
15 5
15 11
15 10
16 2
16 13
16 9
16 1
16 3
17 1
17 4
17 3
17 6
17 7
17 10
17 11
17 2
