1 2
1 8
1 17
1 7
1 10
1 3
1 6
1 12
2 16
2 4
2 6
2 1
2 12
2 10
2 14
2 9
2 8
3 15
3 4
3 5
3 13
3 14
3 1
3 6
3 10
4 15
4 5
4 3
4 14
4 11
4 12
4 2
4 6
4 13
5 15
5 4
5 6
5 3
5 14
5 10
5 13
6 4
6 5
6 2
6 13
6 14
6 1
6 10
6 3
6 7
7 8
7 17
7 1
7 6
7 10
8 15
8 16
8 2
8 17
8 9
8 7
8 1
9 2
9 8
9 17
10 5
10 2
10 1
10 6
10 7
10 3
11 15
11 16
11 4
11 13
11 14
11 17
11 12
12 4
12 2
12 13
12 14
12 1
12 11
13 15
13 16
13 4
13 5
13 14
13 11
13 12
13 17
13 6
13 3
14 4
14 5
14 2
14 13
14 11
14 6
14 3
14 12
15 17
15 16
15 8
15 5
15 4
15 3
15 13
15 11
16 15
16 17
16 8
16 2
16 13
16 11
17 15
17 16
17 8
17 13
17 9
17 1
17 7
17 11
