1 3
1 9
1 15
1 21
1 18
1 10
2 20
2 14
2 13
2 7
2 19
2 5
2 15
2 6
3 9
3 5
3 1
3 11
3 12
3 10
3 13
3 14
3 4
4 20
4 3
4 19
4 9
4 10
5 20
5 3
5 2
5 19
5 7
5 16
5 9
5 17
5 8
6 2
6 14
6 16
6 18
6 10
7 20
7 2
7 19
7 5
7 8
7 16
7 17
8 20
8 19
8 7
8 11
8 16
8 5
8 17
9 3
9 14
9 11
9 10
9 1
9 12
9 5
9 4
9 13
10 3
10 11
10 9
10 6
10 4
10 12
10 1
11 20
11 3
11 12
11 16
11 17
11 8
11 21
11 15
11 13
11 9
11 10
12 3
12 11
12 16
12 9
12 15
12 21
12 17
12 10
13 3
13 2
13 14
13 11
13 9
13 15
13 18
13 21
14 20
14 3
14 2
14 13
14 6
14 15
14 19
14 18
14 9
15 20
15 2
15 14
15 11
15 13
15 21
15 12
15 1
15 18
16 19
16 7
16 11
16 17
16 5
16 12
16 8
16 6
17 19
17 7
17 11
17 16
17 5
17 8
17 12
18 20
18 14
18 19
18 13
18 15
18 21
18 1
18 6
19 20
19 2
19 14
19 5
19 7
19 18
19 16
19 17
19 4
19 8
20 19
20 15
20 14
20 2
20 5
20 7
20 8
20 18
20 11
20 4
21 11
21 13
21 15
21 1
21 18
21 12
