1 10
1 3
1 2
1 5
1 18
1 17
1 16
1 15
1 13
1 11
2 3
2 1
2 5
2 17
2 18
2 11
2 14
2 16
2 13
3 2
3 1
3 5
3 18
3 17
3 13
4 10
4 16
4 11
4 13
4 18
4 17
5 3
5 1
5 18
5 7
5 2
5 17
5 16
6 8
6 12
6 9
6 7
6 16
6 13
7 8
7 12
7 9
7 5
7 6
7 13
7 16
8 12
8 9
8 7
8 6
8 11
8 13
8 10
8 16
9 8
9 12
9 6
9 7
9 15
9 16
9 18
9 17
9 13
10 8
10 12
10 14
10 15
10 4
10 13
10 1
11 8
11 12
11 1
11 4
11 2
11 17
12 8
12 9
12 7
12 6
12 11
12 10
13 8
13 9
13 10
13 3
13 1
13 4
13 2
13 6
13 7
13 14
14 10
14 2
14 17
14 13
15 9
15 10
15 1
15 17
15 18
15 16
16 8
16 9
16 1
16 5
16 4
16 2
16 6
16 15
16 7
16 17
16 18
17 9
17 3
17 1
17 5
17 4
17 2
17 15
17 16
17 18
17 14
17 11
18 9
18 3
18 1
18 5
18 4
18 2
18 15
18 16
18 17
