1 3
1 5
1 10
1 14
1 16
1 15
1 4
1 9
1 13
2 5
2 10
2 6
2 13
2 15
2 16
2 14
2 4
2 8
2 7
3 8
3 9
3 16
3 1
3 7
4 2
4 14
4 16
4 1
4 15
4 6
4 7
4 8
4 12
5 11
5 10
5 13
5 2
5 1
6 2
6 14
6 16
6 4
6 8
6 7
6 13
6 15
7 3
7 2
7 4
7 6
7 8
7 13
7 15
8 11
8 3
8 10
8 2
8 4
8 6
8 7
8 13
8 15
9 3
9 14
9 16
9 1
9 12
9 15
10 11
10 5
10 13
10 2
10 1
10 8
11 10
11 8
11 5
11 13
12 14
12 16
12 4
12 15
12 9
13 11
13 5
13 10
13 2
13 1
13 6
13 8
13 7
14 2
14 16
14 12
14 15
14 9
14 4
14 6
14 1
15 2
15 14
15 16
15 1
15 4
15 12
15 6
15 8
15 7
15 9
16 3
16 2
16 14
16 15
16 9
16 12
16 6
16 1
16 4
