1 2
1 16
1 8
1 3
1 7
1 12
1 13
2 11
2 10
2 1
2 3
2 8
2 12
2 16
2 9
3 2
3 17
3 8
3 6
3 13
3 12
3 5
3 1
4 16
4 8
4 9
4 5
4 7
5 16
5 17
5 6
5 3
5 4
5 14
5 13
6 16
6 17
6 13
6 5
6 3
6 14
6 15
7 11
7 4
7 9
7 1
8 11
8 2
8 12
8 13
8 1
8 3
8 9
8 4
9 11
9 2
9 16
9 8
9 4
9 7
10 11
10 2
10 12
11 10
11 7
11 8
11 9
11 2
12 10
12 2
12 8
12 3
12 1
12 13
13 16
13 17
13 8
13 6
13 3
13 14
13 1
13 12
13 5
13 15
14 16
14 17
14 6
14 15
14 13
14 5
15 16
15 17
15 6
15 14
15 13
16 2
16 17
16 14
16 15
16 6
16 13
16 5
16 4
16 1
16 9
17 16
17 14
17 15
17 6
17 13
17 5
17 3
