1 8
1 14
1 10
1 15
1 9
1 12
2 16
2 17
2 7
2 15
2 9
2 8
2 10
2 14
3 16
3 13
3 17
3 5
3 15
4 13
4 11
4 7
5 13
5 17
5 11
5 6
5 7
5 12
5 14
5 3
6 17
6 7
6 5
7 17
7 6
7 5
7 2
7 4
8 11
8 1
8 2
8 10
8 9
8 12
8 14
8 15
9 11
9 1
9 2
9 10
9 8
9 12
9 14
10 13
10 11
10 1
10 2
10 9
10 14
10 8
10 12
11 16
11 13
11 17
11 14
11 12
11 8
11 9
11 10
11 15
11 5
11 4
12 13
12 11
12 1
12 10
12 8
12 9
12 5
12 14
12 15
13 14
13 12
13 11
13 4
13 10
13 3
13 5
14 13
14 11
14 1
14 2
14 10
14 8
14 9
14 5
14 12
15 16
15 17
15 11
15 1
15 2
15 8
15 3
15 12
16 17
16 2
16 3
16 15
16 11
17 16
17 2
17 6
17 7
17 5
17 11
17 3
17 15
