1 8
1 7
2 10
2 11
2 14
2 12
2 17
2 8
2 7
3 15
3 10
3 17
3 8
3 4
3 5
3 16
4 15
4 10
4 17
4 8
4 6
4 3
4 5
4 16
5 15
5 7
5 4
5 3
6 10
6 17
6 12
6 4
6 9
7 10
7 11
7 2
7 14
7 8
7 12
7 16
7 1
7 5
8 11
8 2
8 14
8 7
8 16
8 12
8 1
8 3
8 4
9 6
9 13
9 12
10 17
10 6
10 11
10 2
10 4
10 3
10 7
10 12
11 10
11 12
11 14
11 2
11 7
11 13
11 16
11 8
11 17
12 10
12 11
12 2
12 17
12 14
12 8
12 6
12 13
12 7
12 9
13 11
13 14
13 9
13 12
14 11
14 2
14 12
14 13
14 8
14 7
15 5
15 3
15 4
16 11
16 8
16 7
16 4
16 3
17 10
17 11
17 2
17 12
17 4
17 3
17 6
