1 2
1 16
1 8
1 19
1 11
1 12
1 13
1 14
2 1
2 9
2 14
2 13
2 19
2 18
2 8
2 16
2 5
2 15
2 17
3 9
3 19
3 18
3 8
3 17
4 8
4 5
4 17
5 14
5 10
5 19
5 8
5 4
5 16
5 2
5 15
6 19
6 7
6 18
6 17
6 8
7 9
7 6
7 16
7 18
7 8
8 1
8 9
8 10
8 6
8 7
8 5
8 17
8 3
8 4
8 2
9 19
9 2
9 16
9 15
9 14
9 7
9 3
9 8
10 14
10 5
10 8
10 15
11 1
11 14
11 15
12 1
12 14
12 13
12 16
12 15
13 1
13 14
13 12
13 15
13 2
14 1
14 9
14 13
14 15
14 12
14 5
14 10
14 2
14 11
14 19
14 16
15 9
15 14
15 10
15 12
15 13
15 19
15 16
15 2
15 5
15 11
16 1
16 9
16 14
16 12
16 19
16 7
16 18
16 2
16 15
16 5
16 17
17 19
17 6
17 18
17 8
17 4
17 16
17 2
17 3
18 19
18 6
18 7
18 17
18 2
18 16
18 3
19 1
19 9
19 14
19 18
19 2
19 16
19 17
19 15
19 6
19 5
19 3
