1 3
1 4
1 8
1 11
1 18
2 3
2 9
2 12
2 4
2 5
2 8
2 18
2 11
2 13
2 17
2 16
3 1
3 12
3 4
3 8
3 2
3 14
3 5
3 9
3 15
4 3
4 2
4 1
4 14
4 17
4 16
5 3
5 9
5 10
5 2
5 17
5 13
5 6
5 18
5 16
6 12
6 5
6 8
6 14
6 7
7 12
7 14
7 6
7 15
7 18
8 3
8 12
8 2
8 1
8 11
8 13
8 6
9 3
9 5
9 10
9 18
9 16
9 15
9 17
9 2
10 9
10 16
10 15
10 5
10 17
10 14
11 12
11 8
11 2
11 13
11 18
11 17
11 16
11 1
12 3
12 11
12 13
12 18
12 7
12 6
12 2
12 17
12 8
13 12
13 5
13 8
13 2
13 11
13 16
13 17
13 18
14 3
14 4
14 10
14 15
14 16
14 7
14 6
15 3
15 9
15 10
15 14
15 7
15 16
15 17
16 9
16 4
16 10
16 5
16 2
16 14
16 11
16 15
16 17
16 13
16 18
17 9
17 12
17 4
17 10
17 5
17 2
17 11
17 15
17 16
17 13
17 18
18 9
18 12
18 5
18 2
18 7
18 11
18 16
18 17
18 13
18 1
