1 12
1 14
1 2
2 8
2 4
2 17
2 1
3 11
3 18
3 17
4 12
4 7
4 6
4 18
4 8
4 17
4 13
4 9
4 2
5 12
5 14
5 6
5 15
6 12
6 14
6 5
6 15
6 4
7 16
7 8
7 9
7 10
7 17
7 4
7 14
8 12
8 7
8 10
8 14
8 18
8 17
8 4
8 9
8 2
8 13
9 12
9 7
9 10
9 14
9 8
9 4
9 17
9 13
10 16
10 7
10 9
10 13
10 8
11 12
11 3
11 15
11 18
11 17
12 13
12 1
12 4
12 17
12 8
12 5
12 6
12 11
12 16
12 9
13 12
13 16
13 10
13 18
13 8
13 4
13 17
13 9
14 7
14 15
14 9
14 8
14 1
14 6
14 5
15 11
15 14
15 5
15 6
16 12
16 13
16 18
16 10
16 7
16 17
17 12
17 16
17 7
17 11
17 18
17 8
17 4
17 13
17 9
17 3
17 2
18 16
18 11
18 17
18 13
18 3
18 4
18 8
