1 17
1 18
1 8
1 15
1 6
1 2
1 13
1 12
1 5
1 16
1 7
2 3
2 17
2 1
2 18
2 10
2 6
2 13
2 15
2 8
2 7
3 2
3 13
3 15
3 6
3 17
3 18
3 10
3 12
3 14
4 17
4 11
4 10
4 9
4 12
4 6
4 8
4 7
4 13
5 1
5 15
6 3
6 17
6 1
6 18
6 14
6 4
6 2
6 8
6 7
6 9
6 12
6 15
7 1
7 18
7 14
7 4
7 2
7 6
7 15
7 12
7 8
7 9
8 17
8 1
8 18
8 14
8 4
8 2
8 6
8 15
8 12
8 7
8 9
9 11
9 10
9 4
9 6
9 13
9 12
9 7
9 8
10 3
10 11
10 9
10 4
10 12
10 2
11 9
11 10
11 4
11 12
12 3
12 1
12 11
12 10
12 4
12 6
12 13
12 9
12 8
12 7
13 3
13 17
13 1
13 18
13 14
13 4
13 2
13 12
13 9
14 3
14 17
14 7
14 6
14 8
14 16
14 13
15 3
15 1
15 2
15 6
15 16
15 7
15 8
15 5
16 1
16 14
16 15
17 3
17 18
17 13
17 8
17 14
17 2
17 6
17 1
17 4
18 3
18 17
18 1
18 8
18 2
18 6
18 13
18 7
