1 6
1 16
1 11
1 5
1 7
1 4
2 3
2 11
2 13
2 16
2 4
2 5
3 10
3 17
3 8
3 18
3 9
3 2
3 6
3 13
4 1
4 15
4 12
4 2
5 1
5 17
5 11
5 13
5 16
5 14
5 6
5 2
5 12
6 10
6 1
6 17
6 3
6 16
6 8
6 5
6 12
6 18
6 15
7 10
7 1
7 8
7 9
8 10
8 17
8 3
8 13
8 18
8 9
8 12
8 6
8 7
9 10
9 3
9 13
9 8
9 12
9 18
9 7
10 9
10 8
10 12
10 3
10 7
10 18
10 6
10 13
11 1
11 5
11 12
11 14
11 16
11 13
11 2
12 10
12 11
12 13
12 16
12 4
12 14
12 8
12 6
12 5
12 9
13 10
13 3
13 11
13 12
13 14
13 9
13 8
13 5
13 16
13 15
13 2
14 11
14 13
14 16
14 12
14 5
15 17
15 13
15 4
15 6
16 1
16 17
16 11
16 13
16 5
16 2
16 12
16 14
16 6
17 18
17 6
17 15
17 16
17 3
17 8
17 5
18 10
18 17
18 3
18 8
18 6
18 9
