1 16
1 15
1 5
1 2
1 14
1 3
1 9
1 19
1 4
1 18
1 11
2 16
2 20
2 10
2 17
2 3
2 1
2 9
2 13
2 4
2 14
3 6
3 20
3 10
3 17
3 2
3 14
3 13
3 1
3 9
3 4
4 7
4 16
4 20
4 10
4 5
4 2
4 14
4 3
4 1
4 9
4 19
4 13
5 7
5 16
5 20
5 10
5 19
5 4
5 9
5 1
5 14
5 18
6 8
6 15
6 12
6 17
6 14
6 13
6 3
6 10
6 11
7 16
7 13
7 18
7 4
7 5
7 19
8 15
8 6
8 12
8 11
9 20
9 15
9 5
9 2
9 14
9 3
9 1
9 18
9 4
10 6
10 20
10 12
10 4
10 13
10 5
10 2
10 3
10 15
10 14
11 8
11 6
11 12
11 15
11 17
11 1
12 8
12 6
12 15
12 11
12 10
12 14
12 17
12 13
13 7
13 6
13 20
13 12
13 10
13 15
13 2
13 3
13 4
14 6
14 20
14 12
14 10
14 15
14 5
14 2
14 4
14 18
14 1
14 9
14 3
15 8
15 6
15 20
15 12
15 10
15 14
15 11
15 17
15 1
15 9
15 18
15 13
16 7
16 19
16 5
16 1
16 18
16 2
16 4
17 6
17 12
17 15
17 11
17 2
17 3
18 7
18 16
18 20
18 15
18 5
18 14
18 1
18 9
18 19
19 7
19 16
19 5
19 1
19 4
19 18
20 14
20 13
20 3
20 2
20 15
20 18
20 5
20 4
20 9
20 10
