1 12
1 10
1 15
1 3
1 2
1 7
2 16
2 12
2 8
2 9
2 15
2 1
3 12
3 5
3 4
3 10
3 15
3 1
4 18
4 5
4 3
5 16
5 18
5 4
5 10
5 15
5 3
6 16
6 17
6 18
6 8
6 9
6 15
6 11
6 7
7 17
7 8
7 9
7 11
7 6
7 1
8 16
8 17
8 9
8 6
8 7
8 15
8 11
8 2
9 16
9 18
9 8
9 6
9 7
9 15
9 2
9 14
10 12
10 5
10 3
10 1
11 16
11 17
11 18
11 8
11 15
11 6
11 7
11 14
12 16
12 17
12 10
12 13
12 3
12 18
12 15
12 2
12 1
13 16
13 17
13 12
13 18
13 15
13 14
14 9
14 11
14 13
15 16
15 17
15 12
15 8
15 5
15 9
15 13
15 3
15 2
15 11
15 6
15 1
16 15
16 12
16 5
16 13
16 11
16 17
16 6
16 8
16 9
16 2
17 16
17 6
17 11
17 18
17 15
17 7
17 8
17 12
17 13
18 17
18 12
18 13
18 5
18 4
18 6
18 11
18 9
