1 8
1 5
1 7
1 3
1 15
1 12
2 4
2 15
2 9
2 3
3 8
3 4
3 2
3 10
3 5
3 7
3 6
3 11
3 16
3 17
3 12
3 1
3 15
3 13
4 8
4 3
4 2
4 15
4 5
4 10
4 9
4 7
4 12
5 4
5 10
5 15
5 11
5 14
5 7
5 6
5 1
5 13
5 3
6 8
6 10
6 5
6 7
6 13
6 3
6 12
6 9
6 17
6 14
6 15
7 8
7 4
7 10
7 5
7 3
7 6
7 12
7 11
7 14
7 15
7 9
7 13
7 1
7 17
7 16
8 7
8 3
8 12
8 6
8 4
8 1
8 14
8 16
8 17
8 11
8 13
9 4
9 2
9 7
9 6
9 11
10 4
10 5
10 15
10 14
10 7
10 6
10 3
11 8
11 5
11 7
11 3
11 12
11 9
12 8
12 4
12 7
12 6
12 11
12 16
12 17
12 3
12 13
12 1
13 8
13 5
13 7
13 6
13 16
13 3
13 12
14 8
14 10
14 5
14 7
14 6
14 16
14 15
15 4
15 2
15 10
15 5
15 7
15 6
15 16
15 3
15 14
15 1
16 8
16 7
16 17
16 15
16 14
16 12
16 3
16 13
17 8
17 7
17 6
17 16
17 12
17 3
