1 2
1 13
1 3
1 6
1 15
1 17
1 12
1 14
1 7
1 8
1 5
2 1
2 7
2 3
2 15
2 17
2 12
2 13
2 8
2 5
2 6
2 14
2 16
3 10
3 1
3 7
3 2
3 8
3 13
3 5
3 17
3 12
3 15
3 6
4 8
4 13
4 14
4 5
4 18
4 9
4 15
5 1
5 2
5 8
5 4
5 3
5 18
5 9
6 1
6 7
6 2
6 8
6 13
6 14
6 11
6 15
6 3
7 10
7 1
7 6
7 3
7 2
7 18
7 17
7 16
8 10
8 1
8 2
8 5
8 6
8 3
8 11
8 18
8 4
9 13
9 14
9 5
9 18
9 4
9 15
10 8
10 17
10 16
10 3
10 15
10 13
10 14
10 7
11 8
11 12
11 6
11 18
12 1
12 2
12 11
12 3
13 10
13 1
13 2
13 14
13 15
13 6
13 18
13 9
13 4
13 17
13 3
14 10
14 1
14 2
14 13
14 15
14 18
14 9
14 4
14 6
14 17
15 10
15 1
15 2
15 13
15 14
15 16
15 17
15 18
15 9
15 4
15 3
15 6
16 10
16 7
16 2
16 17
16 15
17 10
17 1
17 7
17 2
17 13
17 14
17 16
17 15
17 3
18 7
18 8
18 13
18 14
18 5
18 11
18 9
18 4
18 15
