1 2
1 6
1 3
1 15
1 16
1 17
1 10
2 7
2 5
2 1
2 15
2 4
2 18
2 8
2 17
2 14
3 6
3 1
3 10
3 9
3 11
4 2
4 14
4 18
4 15
4 16
4 17
4 5
5 7
5 2
5 8
5 14
5 9
5 18
5 15
5 11
5 12
5 17
5 4
5 10
6 3
6 1
7 2
7 5
7 13
7 14
7 11
7 12
8 2
8 9
8 10
8 5
8 14
8 13
8 11
8 12
9 8
9 3
9 14
9 10
9 13
9 5
10 8
10 3
10 9
10 1
10 5
11 7
11 8
11 3
11 15
11 12
11 17
11 16
11 5
12 7
12 8
12 18
12 11
12 5
13 7
13 8
13 14
13 9
13 17
14 7
14 2
14 8
14 17
14 13
14 16
14 15
14 4
14 5
14 9
15 2
15 14
15 18
15 16
15 4
15 17
15 11
15 1
15 5
16 14
16 18
16 15
16 11
16 1
16 17
16 4
17 2
17 14
17 18
17 15
17 11
17 1
17 13
17 16
17 4
17 5
18 2
18 15
18 4
18 5
18 16
18 17
18 12
