1 5
1 4
1 7
1 10
1 11
1 12
1 14
1 6
1 15
1 13
1 2
2 14
2 17
2 1
2 13
3 4
3 14
3 6
3 8
3 15
4 14
4 13
4 12
4 3
4 1
5 6
5 1
5 13
5 17
5 14
6 5
6 7
6 17
6 3
6 1
6 13
6 16
7 8
7 9
7 17
7 1
7 13
7 10
7 12
7 11
7 15
7 6
8 7
8 11
8 12
8 9
8 16
8 3
8 15
9 7
9 11
9 12
9 8
9 15
9 16
10 7
10 12
10 11
10 13
10 1
11 7
11 10
11 12
11 9
11 8
11 13
11 1
12 4
12 7
12 10
12 11
12 1
12 9
12 8
12 13
13 5
13 4
13 7
13 10
13 11
13 12
13 14
13 6
13 16
13 15
13 1
13 2
14 5
14 4
14 3
14 1
14 13
14 2
15 7
15 9
15 3
15 8
15 1
15 13
16 17
16 9
16 6
16 8
16 13
17 5
17 7
17 16
17 6
17 2
