1 14
1 2
1 7
1 6
1 8
1 16
2 14
2 9
2 13
2 3
2 16
2 1
2 7
2 17
2 18
2 15
2 19
3 14
3 10
3 9
3 2
3 16
3 7
3 6
4 14
4 5
4 13
4 6
4 15
4 7
5 6
5 4
5 7
5 17
5 16
5 18
5 13
5 15
6 5
6 13
6 1
6 17
6 16
6 3
6 7
6 4
6 18
6 15
7 10
7 9
7 5
7 13
7 2
7 1
7 3
7 6
7 15
7 4
8 10
8 9
8 11
8 1
8 12
8 19
9 10
9 12
9 11
9 8
9 13
9 3
9 7
9 2
9 18
10 18
10 12
10 9
10 16
10 17
10 8
10 11
10 3
10 7
11 14
11 10
11 9
11 12
11 15
11 8
11 18
12 10
12 9
12 11
12 17
12 16
12 18
12 8
13 14
13 9
13 5
13 4
13 15
13 16
13 2
13 7
13 6
14 16
14 2
14 15
14 19
14 1
14 11
14 13
14 17
14 18
14 3
14 4
15 14
15 11
15 5
15 13
15 2
15 16
15 6
15 4
15 7
15 19
16 14
16 10
16 5
16 13
16 2
16 1
16 17
16 18
16 6
16 19
16 3
16 12
16 15
17 14
17 10
17 5
17 2
17 16
17 18
17 6
17 12
18 14
18 10
18 9
18 11
18 5
18 2
18 17
18 16
18 6
18 12
19 14
19 2
19 16
19 15
19 8
