1 6
1 4
1 5
1 9
1 10
3 13
3 10
3 6
3 12
3 5
3 4
3 14
3 8
3 11
4 1
4 10
4 3
4 6
4 5
4 12
4 8
4 14
4 7
4 11
4 15
4 9
5 1
5 10
5 3
5 6
5 4
5 12
5 9
5 8
5 14
5 11
5 15
6 1
6 13
6 3
6 5
6 4
6 12
6 9
6 11
6 15
6 8
6 14
7 4
7 8
7 15
7 11
7 14
8 10
8 3
8 6
8 5
8 4
8 14
8 7
8 15
8 11
8 9
9 1
9 13
9 10
9 6
9 5
9 12
9 4
9 8
9 14
10 1
10 9
10 12
10 8
10 14
10 4
10 3
10 5
11 3
11 6
11 5
11 4
11 8
11 7
11 15
12 13
12 10
12 3
12 6
12 5
12 9
12 4
13 12
13 9
13 3
13 6
14 10
14 3
14 6
14 5
14 4
14 8
14 9
14 7
15 6
15 5
15 4
15 8
15 7
15 11
