1 8
1 4
1 11
1 14
1 2
1 13
1 5
1 15
1 10
2 8
2 4
2 11
2 14
2 9
2 10
2 1
2 5
2 13
3 8
3 4
3 11
3 12
3 6
3 5
4 8
4 11
4 3
4 2
4 1
4 13
4 6
4 7
5 9
5 2
5 3
5 7
5 1
5 15
5 10
6 8
6 4
6 11
6 9
6 12
6 3
6 7
6 17
6 16
6 15
7 8
7 4
7 11
7 9
7 12
7 15
7 6
7 10
7 5
8 11
8 4
8 7
8 6
8 13
8 2
8 1
8 3
9 7
9 10
9 15
9 6
9 2
9 5
10 9
10 2
10 7
10 1
10 15
10 5
11 8
11 4
11 3
11 13
11 17
11 7
11 6
11 2
11 1
12 13
12 15
12 7
12 6
12 3
13 8
13 4
13 11
13 14
13 2
13 1
13 12
14 1
14 15
14 2
14 13
15 14
15 9
15 12
15 7
15 1
15 6
15 5
15 10
16 17
16 6
17 11
17 16
17 6
