1 7
1 17
1 8
1 15
1 2
1 14
1 6
2 7
2 17
2 8
2 1
2 14
2 6
3 16
3 4
3 5
3 7
3 6
3 15
3 8
4 16
4 3
4 6
4 15
4 8
4 17
4 12
5 7
5 6
5 8
5 13
5 3
5 12
6 16
6 4
6 5
6 7
6 3
6 17
6 8
6 15
6 1
6 2
6 14
7 16
7 5
7 6
7 8
7 2
7 3
7 14
7 1
7 17
7 15
8 16
8 4
8 5
8 7
8 3
8 13
8 17
8 15
8 6
8 14
8 1
8 2
8 18
9 10
9 11
9 13
10 9
10 11
10 13
10 12
11 16
11 9
11 10
11 17
11 15
11 14
11 13
12 4
12 10
12 5
12 13
13 16
13 9
13 10
13 11
13 5
13 12
13 18
13 15
13 8
14 16
14 11
14 7
14 8
14 15
14 1
14 2
14 6
15 16
15 4
15 11
15 7
15 3
15 13
15 17
15 8
15 14
15 6
15 18
15 1
16 15
16 8
16 17
16 4
16 3
16 18
16 13
16 11
16 14
16 6
16 7
17 16
17 4
17 11
17 7
17 6
17 8
17 1
17 2
17 15
18 16
18 13
18 8
18 15
