1 16
1 13
1 4
1 14
1 11
2 18
2 3
2 10
2 16
2 7
2 13
3 18
3 2
3 6
3 10
3 16
3 17
3 7
3 13
3 15
3 14
3 9
4 1
4 5
4 8
5 8
5 9
5 10
5 4
5 13
6 12
6 18
6 3
7 2
7 3
7 11
7 10
7 9
7 16
7 8
7 17
7 14
7 15
8 5
8 4
8 7
8 13
9 5
9 3
9 10
9 15
9 13
9 7
9 14
10 18
10 5
10 2
10 3
10 9
10 13
10 15
10 14
10 16
10 17
10 7
11 12
11 1
11 18
11 14
11 7
11 15
12 18
12 14
12 11
12 6
12 17
12 13
13 12
13 1
13 18
13 5
13 2
13 3
13 10
13 9
13 17
13 8
14 12
14 1
14 3
14 11
14 10
14 9
14 7
14 15
15 3
15 11
15 10
15 9
15 7
15 14
16 1
16 2
16 3
16 10
16 17
16 7
17 12
17 3
17 10
17 16
17 7
17 13
18 12
18 6
18 11
18 13
18 2
18 10
18 3
