1 14
1 6
1 2
1 3
1 17
1 18
1 11
1 20
1 19
2 14
2 6
2 1
2 3
2 8
2 9
2 11
2 17
2 20
3 14
3 2
3 9
3 1
3 8
3 5
4 6
4 9
4 5
4 7
5 13
5 14
5 4
5 9
5 3
5 11
6 13
6 7
6 4
6 1
6 2
6 10
6 16
6 18
6 19
6 17
6 20
6 9
6 8
7 13
7 6
7 4
7 9
7 17
7 8
7 18
7 16
7 15
7 10
7 20
8 13
8 14
8 6
8 2
8 9
8 3
8 17
8 12
8 15
8 10
8 11
8 7
8 16
8 18
9 13
9 14
9 6
9 2
9 4
9 8
9 7
9 18
9 16
9 3
9 5
9 12
9 15
10 13
10 14
10 6
10 8
10 11
10 12
10 15
10 7
11 13
11 2
11 5
11 8
11 1
11 12
11 10
11 15
12 13
12 14
12 9
12 17
12 8
12 11
12 16
12 15
12 10
13 10
13 7
13 6
13 9
13 5
13 14
13 12
13 11
13 8
13 15
14 13
14 2
14 3
14 1
14 8
14 9
14 12
14 15
14 10
14 5
15 13
15 14
15 9
15 17
15 8
15 18
15 11
15 16
15 12
15 10
15 19
15 20
15 7
16 6
16 9
16 17
16 8
16 18
16 15
16 7
16 19
16 20
16 12
17 6
17 2
17 16
17 15
17 20
17 19
17 1
17 7
17 18
17 12
17 8
18 6
18 9
18 17
18 8
18 19
18 16
18 20
18 1
18 15
18 7
19 6
19 17
19 18
19 1
19 16
19 15
19 20
20 6
20 2
20 17
20 18
20 1
20 16
20 15
20 7
20 19
