1 3
1 6
1 8
2 5
2 8
2 10
2 6
2 16
2 17
2 4
2 14
2 12
2 7
2 15
3 16
3 7
3 8
3 1
3 4
3 5
4 2
4 3
4 5
4 8
4 10
4 14
5 2
5 16
5 17
5 3
5 6
5 4
5 8
5 10
5 14
6 2
6 13
6 16
6 12
6 15
6 7
6 14
6 8
6 5
6 1
7 2
7 13
7 16
7 3
7 6
7 8
7 12
7 15
8 2
8 16
8 17
8 3
8 6
8 5
8 15
8 12
8 7
8 4
8 1
8 14
9 16
9 17
9 10
10 2
10 17
10 5
10 9
10 15
10 4
11 13
11 12
12 2
12 13
12 6
12 8
12 7
12 15
12 11
13 12
13 11
13 6
13 7
13 15
14 2
14 6
14 5
14 8
14 15
14 4
15 2
15 13
15 6
15 8
15 10
15 12
15 7
15 14
16 2
16 17
16 6
16 8
16 5
16 7
16 3
16 9
17 2
17 16
17 9
17 8
17 5
17 10
