1 14
1 4
1 17
1 7
1 12
1 13
2 15
2 3
2 10
2 11
3 2
3 14
3 5
3 11
3 7
3 12
3 8
3 15
4 12
4 13
4 1
4 5
4 7
5 4
5 7
5 6
5 8
5 13
5 9
5 15
5 10
5 16
5 11
5 3
6 14
6 5
6 11
6 16
6 7
6 9
6 8
6 15
6 13
7 4
7 5
7 17
7 1
7 6
7 9
7 8
7 13
7 10
7 3
8 14
8 5
8 7
8 9
8 6
8 15
8 13
8 3
9 14
9 5
9 7
9 8
9 15
9 6
9 13
10 2
10 14
10 5
10 7
11 2
11 14
11 5
11 16
11 6
11 3
12 14
12 4
12 17
12 16
12 13
12 3
12 1
13 14
13 4
13 5
13 17
13 7
13 9
13 12
13 1
13 8
13 6
14 13
14 11
14 6
14 16
14 1
14 9
14 15
14 12
14 8
14 3
14 10
15 2
15 14
15 5
15 9
15 8
15 3
15 6
16 14
16 5
16 11
16 6
16 12
17 1
17 7
17 12
17 13
