1 9
1 13
2 12
2 10
2 8
2 7
2 11
2 14
2 15
3 10
3 16
3 8
3 4
3 7
3 15
3 14
3 11
3 5
3 13
4 12
4 10
4 16
4 3
4 11
4 7
4 5
4 14
4 13
5 9
5 3
5 4
5 15
5 14
6 17
6 10
7 10
7 16
7 2
7 8
7 3
7 4
7 15
7 14
8 10
8 2
8 7
8 15
8 11
8 3
8 14
9 10
9 16
9 11
9 1
9 15
9 5
9 13
10 6
10 12
10 11
10 9
10 8
10 7
10 4
10 3
10 2
10 13
11 12
11 10
11 16
11 2
11 8
11 9
11 3
11 4
11 13
12 13
12 10
12 11
12 4
12 2
13 12
13 10
13 9
13 3
13 4
13 15
13 11
13 14
13 1
14 2
14 8
14 3
14 4
14 15
14 5
14 13
14 7
15 2
15 8
15 9
15 3
15 14
15 7
15 5
15 13
16 9
16 11
16 4
16 3
16 7
17 6
