1 3
1 13
1 12
1 10
1 15
1 5
1 4
2 16
2 9
2 15
2 14
2 10
2 11
2 5
2 6
2 7
3 4
3 15
3 7
3 13
3 1
3 6
3 5
3 12
4 3
4 7
4 13
4 12
4 1
4 15
5 3
5 2
5 14
5 1
5 16
5 6
5 15
5 11
6 3
6 2
6 7
6 13
6 14
6 12
6 16
6 5
6 11
7 3
7 2
7 4
7 16
7 14
7 15
7 8
7 13
7 6
7 12
8 7
8 12
8 9
9 2
9 12
9 8
9 10
10 2
10 14
10 1
10 16
10 9
10 11
11 2
11 14
11 16
11 6
11 15
11 5
11 10
12 3
12 7
12 13
12 4
12 9
12 6
12 8
12 1
13 3
13 7
13 1
13 4
13 12
13 6
14 2
14 7
14 11
14 15
14 16
14 5
14 6
14 10
15 3
15 2
15 7
15 14
15 1
15 16
15 4
15 5
15 11
16 2
16 7
16 14
16 15
16 5
16 6
16 10
16 11
