1 6
1 13
1 15
1 7
1 8
1 14
1 9
1 16
2 6
2 13
2 5
2 4
2 8
2 3
2 14
3 6
3 13
3 5
3 4
3 8
3 7
3 2
3 15
3 16
3 14
4 6
4 13
4 5
4 2
4 14
4 3
4 15
4 16
4 8
5 6
5 13
5 4
5 2
5 3
5 8
5 14
5 12
6 10
6 5
6 2
6 3
6 4
6 15
6 1
6 7
6 11
6 9
7 6
7 13
7 1
7 8
7 15
7 14
7 16
7 3
8 1
8 5
8 4
8 9
8 7
8 15
8 14
8 12
8 2
8 3
9 6
9 1
9 8
9 12
10 11
10 6
10 16
10 12
10 15
11 10
11 6
11 12
11 16
12 10
12 5
12 11
12 8
12 16
12 9
12 15
13 2
13 1
13 15
13 7
13 4
13 3
13 5
13 14
14 13
14 1
14 5
14 4
14 8
14 7
14 3
14 15
14 2
14 16
15 10
15 6
15 13
15 1
15 4
15 8
15 7
15 12
15 3
15 16
15 14
16 10
16 1
16 11
16 4
16 7
16 12
16 3
16 15
16 14
