1 4
1 6
1 5
1 7
1 8
1 11
1 10
2 5
2 7
2 6
2 13
2 8
2 9
3 6
3 9
3 15
3 8
4 7
4 16
4 13
4 5
4 6
4 9
4 8
4 1
4 11
5 4
5 1
5 7
5 6
5 12
5 16
5 2
5 8
5 15
6 4
6 1
6 5
6 7
6 15
6 16
6 14
6 3
6 2
6 8
7 4
7 1
7 11
7 5
7 6
7 16
7 2
7 13
7 9
7 8
7 15
8 4
8 1
8 5
8 7
8 6
8 16
8 3
8 2
8 9
9 4
9 7
9 16
9 3
9 2
9 8
10 1
10 16
11 4
11 1
11 14
11 12
11 7
11 16
11 13
11 15
12 11
12 5
12 14
12 15
12 13
13 4
13 11
13 7
13 12
13 14
13 16
13 2
14 11
14 6
14 12
14 15
14 13
15 11
15 5
15 7
15 6
15 12
15 14
15 16
15 3
16 4
16 11
16 5
16 7
16 6
16 13
16 15
16 10
16 9
16 8
