1 8
1 14
1 13
1 3
1 12
1 2
1 4
1 17
2 8
2 14
2 13
2 3
2 12
2 1
2 17
2 4
3 14
3 13
3 4
3 9
3 16
3 1
3 2
3 7
3 15
4 8
4 14
4 13
4 3
4 2
4 1
4 17
5 7
5 6
5 12
5 9
5 16
6 7
6 5
6 12
6 16
6 11
6 9
6 15
7 8
7 3
7 6
7 5
7 16
8 17
8 2
8 15
8 10
8 7
8 4
8 1
8 11
9 3
9 5
9 16
9 6
9 10
9 15
10 8
10 16
10 9
10 15
11 8
11 12
11 17
11 6
12 14
12 13
12 5
12 11
12 6
12 2
12 1
13 14
13 3
13 1
13 15
13 4
13 12
13 2
14 13
14 1
14 4
14 3
14 12
14 2
15 8
15 13
15 3
15 6
15 9
15 10
16 3
16 7
16 5
16 9
16 6
16 10
17 8
17 11
17 2
17 4
17 1
