1 10
1 4
1 11
1 13
1 5
1 19
1 18
1 12
1 7
1 9
1 8
2 10
2 4
2 8
2 14
2 12
2 16
2 9
2 7
2 6
3 4
3 19
3 11
3 7
3 8
3 9
4 17
4 18
4 1
4 19
4 3
4 13
4 5
4 2
4 8
5 17
5 10
5 4
5 13
5 6
5 12
5 14
5 1
5 18
6 10
6 13
6 2
6 5
6 12
6 14
6 16
7 10
7 3
7 2
7 19
7 1
7 9
7 16
7 8
8 10
8 4
8 3
8 2
8 19
8 1
8 7
8 16
8 9
9 10
9 3
9 13
9 2
9 19
9 1
9 7
9 16
9 8
10 12
10 11
10 7
10 9
10 8
10 5
10 6
10 1
10 14
10 2
10 19
11 10
11 3
11 12
11 13
11 15
11 1
11 14
12 17
12 10
12 11
12 2
12 5
12 6
12 18
12 14
12 1
13 17
13 4
13 11
13 5
13 6
13 1
13 18
13 9
14 17
14 10
14 11
14 2
14 5
14 6
14 18
14 12
15 17
15 11
15 18
15 16
16 2
16 6
16 15
16 7
16 8
16 9
17 18
17 14
17 13
17 5
17 12
17 15
17 4
18 17
18 4
18 13
18 5
18 19
18 15
18 1
18 12
18 14
19 10
19 4
19 3
19 18
19 1
19 7
19 8
19 9
