1 17
1 18
1 4
1 12
1 7
1 13
2 17
2 3
2 18
2 4
2 14
2 11
2 10
3 4
3 15
3 9
3 16
3 18
3 2
3 11
3 7
3 13
3 10
4 3
4 18
4 7
4 13
4 9
4 16
4 10
4 2
4 11
4 15
4 1
5 7
5 6
5 16
5 12
5 8
5 9
5 13
5 14
6 17
6 7
6 5
6 10
6 13
6 14
6 8
6 9
6 16
6 12
7 17
7 3
7 4
7 1
7 6
7 13
7 15
7 16
7 10
7 11
7 5
7 14
8 18
8 6
8 5
8 12
8 9
8 16
8 15
9 3
9 4
9 6
9 5
9 8
9 16
9 15
10 3
10 18
10 4
10 7
10 6
10 2
10 16
10 11
10 13
11 3
11 18
11 4
11 7
11 2
11 10
11 13
12 18
12 1
12 6
12 5
12 8
13 3
13 4
13 1
13 7
13 6
13 5
13 14
13 15
13 16
13 11
13 10
14 18
14 7
14 6
14 5
14 13
14 15
14 2
15 17
15 3
15 4
15 7
15 9
15 8
15 14
15 13
16 3
16 4
16 7
16 6
16 5
16 9
16 8
16 10
16 13
17 15
17 1
17 6
17 7
17 2
18 3
18 11
18 2
18 12
18 1
18 10
18 4
18 8
18 14
