1 3
1 5
1 4
1 17
1 2
1 8
2 9
2 10
2 6
2 3
2 5
2 4
2 13
2 14
2 12
2 1
3 6
3 5
3 2
3 4
3 17
3 11
3 1
3 12
4 9
4 10
4 16
4 6
4 3
4 5
4 12
4 2
4 11
4 1
5 6
5 3
5 2
5 4
5 1
5 15
5 12
6 9
6 10
6 16
6 12
6 4
6 13
6 11
6 15
6 2
6 5
6 3
7 10
7 16
7 8
7 11
8 7
8 11
8 1
9 10
9 16
9 13
9 6
9 4
9 12
9 2
10 9
10 16
10 12
10 7
10 6
10 4
10 13
10 2
11 6
11 3
11 4
11 7
11 17
11 14
11 12
11 8
12 9
12 10
12 16
12 6
12 3
12 5
12 4
12 15
12 2
12 14
12 11
13 9
13 10
13 6
13 14
13 2
14 13
14 2
14 11
14 12
15 6
15 5
15 12
16 9
16 10
16 4
16 6
16 12
16 7
16 17
17 16
17 3
17 1
17 11
