1 12
1 15
2 4
2 13
2 16
2 6
2 3
2 10
2 11
2 14
3 4
3 13
3 16
3 6
3 2
3 14
3 10
3 11
4 15
4 14
4 3
4 2
4 13
4 10
4 16
4 6
5 6
6 4
6 5
6 2
6 3
7 17
7 12
7 16
8 9
8 11
8 10
9 8
9 12
9 15
9 13
9 16
9 11
9 10
10 8
10 12
10 4
10 13
10 16
10 2
10 9
10 3
10 11
11 8
11 12
11 13
11 16
11 2
11 9
11 3
11 10
12 7
12 17
12 10
12 11
12 1
12 9
13 15
13 4
13 16
13 14
13 17
13 2
13 3
13 9
13 11
13 10
14 15
14 4
14 13
14 16
14 2
14 3
15 1
15 9
15 14
15 4
15 13
15 16
16 7
16 15
16 4
16 13
16 17
16 14
16 2
16 3
16 11
16 10
16 9
17 7
17 12
17 13
17 16
