1 14
1 4
1 13
1 16
1 12
1 9
1 3
1 7
1 11
1 10
2 8
2 14
2 6
2 16
2 9
2 5
2 7
2 10
2 11
3 18
3 13
3 19
3 11
3 1
3 17
4 14
4 15
4 13
4 1
4 12
4 6
4 5
4 7
5 14
5 4
5 18
5 6
5 15
5 13
5 12
5 2
5 17
6 8
6 4
6 18
6 2
6 5
6 10
6 9
6 11
6 7
6 17
6 15
7 8
7 14
7 4
7 6
7 15
7 13
7 16
7 12
7 19
7 1
7 2
7 11
8 9
8 6
8 2
8 10
8 11
8 17
8 15
8 16
8 7
8 14
9 8
9 6
9 15
9 13
9 19
9 10
9 11
9 1
9 17
9 2
10 8
10 18
10 6
10 13
10 19
10 9
10 1
10 2
10 11
11 8
11 18
11 6
11 13
11 16
11 19
11 9
11 3
11 1
11 7
11 2
11 10
12 14
12 4
12 15
12 13
12 16
12 7
12 5
12 1
13 14
13 4
13 15
13 12
13 1
13 3
13 11
13 9
13 10
13 5
13 7
13 16
14 8
14 12
14 7
14 16
14 13
14 1
14 5
14 2
14 4
14 15
15 8
15 14
15 4
15 6
15 12
15 5
15 13
15 9
15 7
16 8
16 14
16 13
16 7
16 2
16 19
16 11
16 12
16 1
17 8
17 18
17 6
17 19
17 9
17 5
17 3
18 17
18 19
18 3
18 10
18 6
18 5
18 11
19 18
19 16
19 11
19 10
19 3
19 7
19 9
19 17
