1 4
1 15
1 13
1 7
1 6
1 5
1 14
1 17
2 16
2 3
2 18
3 16
3 2
4 6
4 15
4 1
4 7
4 13
4 14
4 9
4 12
5 7
5 6
5 1
6 4
6 7
6 5
6 1
7 4
7 15
7 13
7 6
7 5
7 1
7 14
7 17
8 16
8 15
8 13
8 14
8 18
8 12
8 9
9 4
9 10
9 11
9 15
9 13
9 14
9 8
10 11
10 9
10 12
11 10
11 9
11 12
12 4
12 16
12 10
12 11
12 8
13 4
13 15
13 14
13 17
13 7
13 1
13 9
13 8
13 18
14 4
14 15
14 13
14 7
14 8
14 18
14 9
14 1
15 4
15 14
15 13
15 8
15 18
15 17
15 7
15 1
15 9
16 12
16 8
16 3
16 2
17 15
17 13
17 7
17 1
18 15
18 13
18 14
18 8
18 2
