1 5
1 16
1 11
1 10
1 4
1 15
1 7
1 12
1 13
2 17
2 5
2 11
2 10
2 7
2 9
2 13
2 4
2 3
3 17
3 5
3 16
3 11
3 10
3 15
3 12
3 9
3 13
3 14
3 2
3 4
4 17
4 10
4 1
4 7
4 6
4 9
4 2
4 3
5 6
5 8
5 12
5 2
5 3
5 1
6 5
6 12
6 4
6 8
7 10
7 1
7 9
7 2
7 4
7 12
8 5
8 6
9 17
9 16
9 10
9 7
9 12
9 2
9 4
9 13
9 14
9 3
10 17
10 16
10 7
10 9
10 1
10 3
10 12
10 2
10 4
10 14
11 13
11 1
11 12
11 3
11 2
12 5
12 11
12 10
12 1
12 7
12 13
12 9
12 6
12 3
13 11
13 1
13 12
13 9
13 3
13 2
14 16
14 10
14 15
14 9
14 3
15 17
15 16
15 1
15 14
15 3
16 17
16 15
16 14
16 1
16 3
16 9
16 10
17 2
17 3
17 4
17 15
17 16
17 10
17 9
