1 7
1 8
1 3
1 15
1 16
1 4
1 11
1 6
1 17
2 8
2 3
2 15
2 16
2 10
2 4
3 7
3 8
3 1
3 4
3 15
3 16
3 17
3 11
3 13
3 2
4 1
4 3
4 13
4 16
4 11
4 2
5 6
5 17
5 16
5 15
5 12
5 14
6 1
6 13
6 5
6 17
7 8
7 15
7 16
7 17
7 1
7 3
7 10
8 7
8 15
8 1
8 3
8 16
8 14
8 13
8 17
8 2
9 17
9 12
9 14
10 7
10 17
10 11
10 2
10 14
11 1
11 3
11 10
11 4
11 14
12 5
12 9
13 8
13 3
13 4
13 15
13 6
14 8
14 5
14 9
14 15
14 11
14 10
15 7
15 8
15 1
15 3
15 13
15 5
15 16
15 2
15 14
15 17
16 7
16 8
16 1
16 3
16 5
16 15
16 4
16 2
17 7
17 8
17 1
17 3
17 5
17 6
17 9
17 15
17 10
