2 12
2 18
2 17
2 11
2 5
2 7
2 10
2 4
2 6
3 12
3 11
3 9
3 16
3 7
3 10
3 14
4 18
4 5
4 13
4 2
5 18
5 17
5 9
5 4
5 13
5 2
5 14
5 15
6 16
6 8
6 2
7 12
7 18
7 17
7 9
7 14
7 2
7 3
8 12
8 9
8 16
8 6
9 11
9 7
9 14
9 3
9 16
9 8
9 5
9 13
10 12
10 18
10 17
10 11
10 16
10 3
10 2
11 12
11 18
11 17
11 10
11 2
11 3
11 9
12 11
12 10
12 17
12 8
12 13
12 3
12 18
12 2
12 7
13 12
13 18
13 17
13 9
13 5
13 15
13 14
13 4
14 9
14 5
14 16
14 7
14 15
14 3
14 13
15 5
15 14
15 13
16 9
16 8
16 14
16 10
16 3
16 6
17 12
17 18
17 2
17 7
17 11
17 10
17 13
17 5
18 12
18 2
18 17
18 4
18 5
18 11
18 10
18 7
18 13
