1 7
1 4
1 5
1 8
1 2
1 16
1 13
1 12
2 3
2 15
2 4
2 5
2 8
2 13
2 1
2 16
2 12
3 7
3 15
3 4
3 11
3 5
3 2
3 13
4 3
4 7
4 15
4 5
4 16
4 8
4 9
4 14
4 1
4 2
4 10
4 11
5 3
5 7
5 15
5 4
5 11
5 9
5 16
5 8
5 2
5 1
7 3
7 15
7 5
7 8
7 16
7 11
7 1
7 4
8 7
8 4
8 5
8 16
8 2
8 13
8 14
8 1
9 4
9 10
9 11
9 16
9 5
10 4
10 11
10 12
10 9
10 13
11 3
11 7
11 4
11 10
11 12
11 5
11 9
12 10
12 11
12 2
12 13
12 1
13 3
13 15
13 10
13 8
13 2
13 16
13 12
13 1
14 15
14 4
14 8
15 3
15 7
15 5
15 4
15 2
15 13
15 14
16 7
16 4
16 9
16 5
16 8
16 2
16 1
16 13
