1 11
1 4
1 2
1 13
1 5
1 6
1 3
2 4
2 16
2 3
2 12
2 1
2 14
2 15
3 4
3 2
3 12
3 8
3 6
3 15
3 1
3 14
4 11
4 3
4 1
4 2
4 5
4 12
5 11
5 4
5 13
5 9
5 10
5 18
5 6
5 17
5 1
6 11
6 16
6 12
6 13
6 9
6 10
6 5
6 1
6 17
6 7
6 3
7 6
7 15
7 14
8 16
8 12
8 15
8 3
8 14
8 10
9 11
9 12
9 13
9 10
9 6
9 5
9 18
10 11
10 16
10 12
10 13
10 8
10 9
10 18
10 6
10 5
11 6
11 13
11 12
11 5
11 9
11 10
11 17
11 1
11 4
12 11
12 4
12 16
12 2
12 13
12 6
12 8
12 15
12 3
12 9
12 10
13 11
13 12
13 6
13 5
13 17
13 9
13 10
13 1
14 2
14 8
14 15
14 7
14 3
14 18
15 16
15 2
15 12
15 8
15 14
15 18
15 3
15 7
16 10
16 6
16 8
16 15
16 12
16 18
16 2
17 11
17 13
17 5
17 6
18 16
18 9
18 10
18 5
18 15
18 14
