1 5
1 7
1 2
1 16
1 4
1 3
1 11
1 9
1 14
1 15
1 13
1 6
2 5
2 7
2 1
2 16
2 9
2 11
2 6
2 3
2 4
3 5
3 1
3 2
3 16
3 4
3 15
4 5
4 1
4 2
4 13
4 14
4 9
4 16
4 3
4 15
5 3
5 4
5 2
5 16
5 1
5 9
5 15
6 7
6 1
6 2
6 9
6 11
7 11
7 6
7 9
7 1
7 2
7 10
8 14
8 11
8 16
8 15
8 13
8 10
9 5
9 7
9 12
9 1
9 2
9 6
9 10
9 15
9 4
10 8
10 7
10 12
10 14
10 9
10 11
11 8
11 7
11 1
11 2
11 13
11 14
11 10
11 6
12 9
12 10
12 13
12 14
12 15
12 16
13 8
13 12
13 1
13 15
13 16
13 14
13 4
13 11
14 8
14 12
14 1
14 13
14 16
14 15
14 10
14 11
14 4
15 8
15 5
15 12
15 1
15 13
15 14
15 9
15 16
15 4
15 3
16 8
16 5
16 12
16 1
16 2
16 13
16 14
16 15
16 4
16 3
