1 14
1 13
1 2
1 7
1 15
1 5
1 9
1 8
2 3
2 1
2 13
2 9
2 5
2 7
2 8
2 4
3 4
3 5
3 12
3 14
3 2
4 3
4 12
4 14
4 13
4 5
4 16
4 15
4 2
4 11
5 3
5 12
5 14
5 1
5 9
5 4
5 2
5 8
5 7
7 14
7 1
7 13
7 9
7 5
7 8
7 15
7 2
8 12
8 14
8 1
8 13
8 9
8 5
8 7
8 2
8 15
9 1
9 13
9 8
9 7
9 2
9 5
9 15
11 12
11 14
11 4
11 16
12 3
12 14
12 4
12 15
12 13
12 8
12 16
12 11
12 5
13 12
13 14
13 1
13 7
13 15
13 2
13 9
13 8
13 4
14 3
14 12
14 15
14 4
14 13
14 16
14 8
14 5
14 1
14 7
14 11
15 12
15 14
15 1
15 13
15 9
15 7
15 8
15 4
16 12
16 14
16 4
16 11
