1 10
1 17
1 4
1 11
1 2
1 9
1 18
2 8
2 10
2 17
2 4
2 11
2 3
2 1
2 9
2 18
2 19
3 8
3 5
3 2
3 19
4 10
4 17
4 12
4 14
4 13
4 5
4 9
4 1
4 2
5 8
5 4
5 3
5 15
5 6
5 18
5 7
6 8
6 17
6 11
6 5
6 13
6 15
6 7
6 19
6 16
7 8
7 12
7 5
7 13
7 6
7 14
7 15
8 7
8 6
8 17
8 13
8 19
8 10
8 9
8 5
8 3
8 2
8 15
9 8
9 10
9 17
9 4
9 11
9 1
9 2
9 18
10 8
10 9
10 4
10 2
10 1
10 17
11 17
11 12
11 16
11 9
11 1
11 2
11 15
11 6
12 4
12 11
12 16
12 15
12 7
12 13
13 8
13 4
13 12
13 14
13 7
13 6
14 4
14 13
14 7
15 8
15 17
15 11
15 12
15 5
15 6
15 16
15 7
15 19
15 18
16 11
16 12
16 6
16 15
16 18
17 8
17 10
17 2
17 1
17 9
17 4
17 11
17 18
17 15
17 6
18 17
18 5
18 1
18 9
18 2
18 15
18 16
18 19
19 8
19 3
19 6
19 2
19 15
19 18
