1 2
1 7
1 6
1 11
2 3
2 7
2 1
2 6
2 11
2 10
2 5
2 4
3 6
3 4
3 5
3 12
3 9
3 16
3 14
3 15
3 2
3 7
4 3
4 2
4 7
4 9
4 6
4 12
4 5
4 15
5 3
5 2
5 7
5 9
5 6
5 12
5 4
5 15
6 3
6 2
6 7
6 9
6 5
6 4
6 12
6 11
6 10
6 1
6 15
7 3
7 2
7 6
7 1
7 11
7 10
7 5
7 4
8 9
8 12
8 14
9 3
9 13
9 8
9 12
9 11
9 10
9 6
9 5
9 4
9 14
10 2
10 7
10 13
10 9
10 6
10 12
10 11
10 16
11 2
11 7
11 13
11 9
11 6
11 12
11 10
11 16
11 1
12 3
12 13
12 9
12 6
12 5
12 11
12 10
12 4
12 8
13 16
13 10
13 11
13 12
13 9
14 3
14 9
14 15
14 8
15 3
15 6
15 5
15 14
15 4
16 3
16 13
16 10
16 11
