1 4
1 19
1 18
1 2
1 11
1 5
1 15
1 3
2 4
2 19
2 18
2 1
2 5
2 11
2 10
2 15
2 6
3 14
3 16
3 19
3 18
3 1
3 17
3 9
3 11
3 15
3 8
4 6
4 11
4 19
4 14
4 15
4 5
4 2
4 1
5 4
5 19
5 18
5 1
5 2
5 11
5 6
5 10
6 4
6 14
6 2
6 5
6 15
7 14
7 15
8 16
8 17
8 9
8 11
8 3
9 14
9 16
9 17
9 8
9 3
9 11
9 15
10 16
10 18
10 2
10 11
10 5
10 15
11 4
11 16
11 18
11 1
11 17
11 9
11 2
11 10
11 15
11 8
11 3
11 5
12 14
12 13
12 15
13 14
13 12
13 15
14 4
14 15
14 12
14 6
14 7
14 17
14 3
14 9
14 13
15 4
15 14
15 19
15 18
15 1
15 17
15 12
15 13
15 7
15 9
15 2
15 11
15 3
15 6
15 10
16 18
16 17
16 19
16 11
16 8
16 10
16 3
16 9
17 14
17 16
17 18
17 9
17 3
17 15
17 8
17 11
18 16
18 19
18 17
18 5
18 2
18 1
18 3
18 11
18 10
18 15
19 4
19 16
19 18
19 15
19 1
19 5
19 2
19 3
