1 5
1 16
1 17
1 9
1 14
1 15
1 2
1 13
1 3
2 5
2 9
2 1
2 6
2 13
2 3
3 11
3 5
3 16
3 14
3 1
3 6
3 2
4 10
4 12
4 9
4 7
5 3
5 6
5 2
5 8
5 1
6 5
6 8
6 14
6 15
6 13
6 3
6 2
7 4
7 8
8 5
8 7
8 6
9 11
9 10
9 16
9 17
9 4
9 14
9 1
9 2
10 11
10 9
10 16
10 14
10 4
10 17
11 10
11 9
11 16
11 14
11 3
11 17
11 15
11 13
12 4
12 15
13 11
13 16
13 17
13 14
13 15
13 1
13 6
13 2
14 11
14 10
14 16
14 17
14 9
14 15
14 13
14 6
14 3
14 1
15 11
15 16
15 17
15 14
15 13
15 6
15 12
15 1
16 11
16 10
16 17
16 14
16 1
16 13
16 15
16 9
16 3
17 11
17 10
17 16
17 14
17 13
17 15
17 1
17 9
