1 8
1 3
1 17
1 13
2 18
2 8
2 7
2 15
2 3
2 14
2 12
2 16
2 10
3 8
3 7
3 15
3 2
3 5
3 4
3 14
3 10
3 12
3 6
3 11
3 1
4 8
4 3
4 5
4 6
5 8
5 15
5 3
5 4
5 14
5 16
6 8
6 3
6 4
6 11
7 8
7 13
7 3
7 11
7 10
7 15
7 2
8 7
8 3
8 10
8 11
8 13
8 5
8 4
8 2
8 6
8 1
8 15
9 18
9 10
9 11
10 18
10 8
10 7
10 15
10 3
10 14
10 9
10 12
10 16
10 2
10 13
10 17
10 11
11 8
11 7
11 3
11 14
11 9
11 12
11 13
11 6
11 10
12 18
12 15
12 3
12 14
12 10
12 11
12 17
12 16
12 2
13 8
13 7
13 1
13 17
13 11
13 10
14 18
14 15
14 3
14 10
14 12
14 16
14 2
14 17
14 11
14 5
15 18
15 8
15 7
15 14
15 16
15 2
15 10
15 12
15 5
15 3
16 15
16 14
16 12
16 2
16 5
16 10
17 14
17 12
17 1
17 13
17 10
18 9
18 2
18 15
18 12
18 10
18 14
