1 13
1 4
1 3
1 16
1 9
1 14
2 4
2 16
2 3
2 9
3 2
3 4
3 16
3 5
3 11
3 1
3 7
3 8
4 15
4 6
4 10
4 2
4 16
4 3
4 5
4 7
4 8
4 1
5 15
5 6
5 10
5 12
5 13
5 4
5 3
5 16
5 7
5 11
6 10
6 11
6 12
6 13
6 4
6 5
7 12
7 4
7 3
7 16
7 8
7 5
8 10
8 12
8 4
8 3
8 16
8 7
8 11
9 2
9 13
9 16
9 1
9 14
10 15
10 6
10 11
10 12
10 4
10 5
10 8
10 13
11 15
11 6
11 10
11 12
11 13
11 3
11 16
11 8
11 5
12 15
12 6
12 10
12 11
12 8
12 13
12 5
12 7
13 15
13 6
13 10
13 12
13 9
13 1
13 5
13 11
14 15
14 1
14 9
15 5
15 12
15 10
15 11
15 13
15 4
15 14
16 2
16 4
16 3
16 1
16 7
16 8
16 11
16 5
16 9
