1 8
1 4
1 17
1 2
1 10
1 7
1 11
1 12
1 9
1 6
2 8
2 4
2 9
2 1
2 12
2 14
3 4
3 11
3 9
3 6
3 16
4 3
4 6
4 16
4 11
4 5
4 1
4 17
4 2
4 15
5 4
5 10
5 11
6 8
6 4
6 10
6 7
6 11
6 12
6 1
6 15
6 16
6 14
6 3
7 8
7 10
7 6
7 12
7 1
7 14
7 11
7 16
8 10
8 9
8 2
8 11
8 1
8 7
8 6
8 17
9 8
9 2
9 12
9 1
9 14
9 15
9 3
9 13
10 8
10 17
10 11
10 5
10 16
10 6
10 12
10 1
10 7
11 8
11 4
11 10
11 7
11 16
11 6
11 5
11 15
11 14
11 12
11 1
11 3
12 2
12 10
12 7
12 11
12 1
12 6
12 9
12 15
13 9
13 15
13 14
14 2
14 7
14 11
14 9
14 6
14 16
14 13
15 4
15 11
15 12
15 9
15 16
15 13
15 6
16 4
16 10
16 7
16 11
16 15
16 6
16 14
16 3
17 8
17 4
17 10
17 1
