1 9
1 15
1 2
1 8
1 6
1 17
1 18
1 16
2 9
2 15
2 1
2 14
2 13
2 8
2 17
2 18
2 16
2 6
3 11
3 10
3 5
3 19
3 14
3 6
3 7
3 4
3 13
4 11
4 9
4 10
4 8
4 5
4 19
4 17
4 18
4 3
4 13
4 16
5 11
5 10
5 8
5 4
5 13
5 16
5 19
5 14
5 17
5 18
5 3
6 11
6 12
6 20
6 2
6 19
6 14
6 7
6 13
6 3
6 18
6 1
7 11
7 12
7 20
7 15
7 19
7 6
7 3
7 16
8 9
8 10
8 15
8 2
8 1
8 4
8 5
9 11
9 8
9 15
9 10
9 16
9 2
9 1
9 4
10 11
10 9
10 4
10 19
10 5
10 15
10 8
10 16
10 3
11 3
11 10
11 4
11 12
11 19
11 20
11 7
11 9
11 15
11 5
11 6
11 14
11 13
12 11
12 20
12 7
12 19
12 16
12 6
12 15
13 11
13 2
13 5
13 19
13 14
13 6
13 3
13 4
14 11
14 2
14 5
14 13
14 3
14 6
15 11
15 9
15 12
15 20
15 10
15 16
15 8
15 7
15 19
15 2
15 1
16 9
16 12
16 20
16 10
16 15
16 2
16 5
16 19
16 7
16 1
16 4
17 2
17 5
17 18
17 4
17 1
18 2
18 5
18 6
18 17
18 4
18 1
19 11
19 12
19 20
19 10
19 15
19 5
19 7
19 3
19 16
19 13
19 6
19 4
20 11
20 12
20 19
20 7
20 16
20 15
20 6
