1 16
1 15
1 2
1 10
1 13
1 11
1 12
1 3
1 14
2 4
2 17
2 16
2 5
2 9
2 3
2 13
2 12
2 11
2 1
3 2
3 10
3 9
3 13
3 11
3 12
3 1
3 8
4 5
4 6
4 2
4 9
4 7
5 4
5 7
5 6
5 11
5 10
5 2
5 9
6 4
6 5
6 7
6 8
7 4
7 5
7 6
7 11
7 10
7 8
8 17
8 7
8 6
8 13
8 11
8 3
9 4
9 17
9 16
9 5
9 15
9 2
9 10
9 13
9 12
9 3
10 5
10 7
10 11
10 13
10 12
10 3
10 1
10 9
11 5
11 7
11 2
11 10
11 13
11 3
11 12
11 1
11 8
12 15
12 2
12 10
12 9
12 13
12 11
12 1
12 3
12 14
13 2
13 10
13 9
13 11
13 12
13 3
13 8
13 1
14 16
14 15
14 12
14 1
15 14
15 9
15 1
15 12
16 1
16 2
16 9
16 14
17 8
17 9
17 2
