1 3
1 6
1 15
1 11
1 5
1 12
1 13
1 2
1 4
2 3
2 10
2 14
2 1
2 5
2 11
3 10
3 2
3 9
3 1
3 5
3 11
3 16
3 14
3 4
4 3
4 10
4 1
4 12
4 9
5 3
5 6
5 1
5 12
5 13
5 9
5 2
5 11
5 16
6 5
6 16
6 9
6 12
6 1
6 11
6 13
6 8
8 6
8 13
8 16
9 3
9 10
9 6
9 15
9 12
9 13
9 4
9 5
9 11
10 3
10 9
10 2
10 4
10 12
10 16
10 15
11 3
11 6
11 1
11 12
11 13
11 9
11 2
11 5
11 16
12 10
12 6
12 15
12 1
12 13
12 11
12 9
12 4
12 5
12 16
13 6
13 15
13 1
13 12
13 11
13 9
13 16
13 8
13 5
14 3
14 15
14 2
15 10
15 1
15 12
15 9
15 14
15 13
16 3
16 10
16 6
16 12
16 13
16 5
16 8
16 11
