1 2
1 5
1 17
1 8
1 13
1 9
2 3
2 4
2 9
2 15
2 12
2 11
2 7
2 1
3 2
3 7
3 12
3 4
3 11
3 9
4 2
4 7
4 12
4 3
4 14
4 9
4 11
5 7
5 16
5 8
5 13
5 9
5 1
5 6
6 7
6 5
6 12
6 13
6 8
6 9
7 2
7 6
7 12
7 8
7 10
7 9
7 14
7 11
7 5
7 13
7 4
7 3
8 7
8 5
8 12
8 1
8 13
8 6
8 9
9 2
9 7
9 5
9 12
9 4
9 3
9 1
9 13
9 6
9 8
10 7
10 12
10 17
11 2
11 7
11 12
11 15
11 4
11 14
11 3
12 2
12 7
12 11
12 10
12 9
12 14
12 6
12 8
12 4
12 3
13 7
13 5
13 15
13 1
13 8
13 9
13 6
14 7
14 12
14 15
14 4
14 11
15 2
15 13
15 11
15 14
16 5
17 1
17 10
