1 11
1 13
1 2
1 9
1 8
1 3
1 10
2 16
2 5
2 6
2 13
2 7
2 15
2 3
2 1
2 8
2 17
2 9
2 4
2 10
3 11
3 6
3 13
3 7
3 2
3 9
3 8
3 1
3 10
4 11
4 5
4 6
4 2
4 17
5 12
5 11
5 4
5 17
5 2
5 10
5 6
6 12
6 16
6 5
6 7
6 15
6 8
6 13
6 9
6 3
6 4
6 2
7 12
7 16
7 6
7 13
7 8
7 15
7 9
7 3
7 2
8 6
8 13
8 7
8 2
8 9
8 3
8 1
9 11
9 6
9 7
9 2
9 3
9 8
9 1
9 10
10 11
10 16
10 5
10 2
10 9
10 3
10 1
11 12
11 10
11 5
11 16
11 1
11 4
11 3
11 9
12 7
12 5
12 11
12 6
12 16
12 15
13 14
13 6
13 8
13 3
13 2
13 1
13 7
14 16
14 13
15 12
15 16
15 6
15 7
15 2
16 12
16 11
16 15
16 10
16 7
16 17
16 14
16 6
16 2
17 16
17 5
17 2
17 4
