1 17
1 2
1 5
1 11
1 14
1 9
1 15
1 16
1 6
1 12
2 17
2 1
2 14
2 11
2 10
3 4
3 16
3 15
4 3
4 15
4 8
5 17
5 6
5 8
5 9
5 13
5 14
5 11
5 1
5 10
6 17
6 5
6 1
6 8
6 9
6 11
7 16
7 10
7 15
8 5
8 4
8 6
8 12
8 11
9 17
9 5
9 1
9 6
9 11
9 13
10 2
10 5
10 16
10 15
10 7
10 13
10 12
10 11
11 17
11 2
11 5
11 1
11 16
11 8
11 6
11 10
11 12
11 9
11 15
12 17
12 1
12 16
12 8
12 10
12 11
12 13
12 14
13 5
13 10
13 12
13 14
13 9
14 2
14 5
14 1
14 12
14 13
15 17
15 1
15 4
15 16
15 10
15 11
15 3
15 7
16 17
16 1
16 15
16 10
16 12
16 11
16 3
16 7
17 1
17 11
17 2
17 12
17 6
17 5
17 15
17 16
17 9
