1 9
1 2
1 10
1 18
1 15
1 17
1 7
1 16
1 6
2 9
2 1
2 7
2 10
2 18
2 15
2 17
2 6
2 8
3 9
3 8
3 18
3 17
3 13
3 4
3 5
3 6
3 7
4 9
4 3
4 14
4 5
4 6
4 8
5 9
5 3
5 4
5 7
5 6
5 8
5 10
5 16
5 15
5 14
6 9
6 3
6 1
6 2
6 4
6 7
6 5
6 8
6 14
7 9
7 3
7 1
7 2
7 8
7 5
7 6
8 9
8 3
8 2
8 13
8 18
8 4
8 7
8 6
8 5
8 17
9 6
9 8
9 7
9 5
9 4
9 2
9 1
9 3
10 1
10 2
10 18
10 11
10 15
10 17
10 16
10 5
11 12
11 13
11 10
12 11
12 13
12 18
13 3
13 12
13 11
13 8
14 4
14 6
14 5
14 16
15 1
15 2
15 18
15 10
15 17
15 5
15 16
16 1
16 18
16 10
16 17
16 5
16 15
16 14
17 3
17 1
17 2
17 18
17 8
17 10
17 15
17 16
18 3
18 1
18 2
18 12
18 17
18 15
18 10
18 8
18 16
