1 13
1 4
1 8
1 14
1 15
1 12
1 9
2 11
2 3
2 16
2 5
3 13
3 14
3 2
3 16
3 15
3 12
4 1
4 6
4 8
5 2
6 13
6 4
6 14
6 11
6 10
6 12
6 15
6 9
7 13
7 8
7 12
7 14
7 15
8 13
8 4
8 15
8 1
8 7
8 12
8 14
9 6
9 10
9 1
10 6
10 9
11 13
11 6
11 14
11 2
11 15
11 12
12 13
12 8
12 6
12 7
12 14
12 11
12 3
12 1
12 15
12 16
13 12
13 14
13 15
13 7
13 8
13 6
13 16
13 3
13 1
13 11
14 13
14 8
14 6
14 7
14 12
14 15
14 11
14 16
14 3
14 1
15 13
15 8
15 6
15 7
15 14
15 11
15 3
15 1
15 12
15 16
16 13
16 14
16 3
16 2
16 12
16 15
