1 9
1 4
2 14
2 9
2 13
2 3
2 8
2 17
2 6
2 7
3 5
3 12
3 14
3 11
3 13
3 4
3 7
3 6
3 2
3 8
4 1
4 11
4 3
4 7
4 16
4 15
5 17
5 13
5 15
5 6
5 3
6 5
6 14
6 11
6 9
6 3
6 8
6 2
6 7
6 17
7 12
7 14
7 11
7 13
7 3
7 8
7 2
7 4
7 16
7 6
7 17
7 15
8 14
8 9
8 13
8 3
8 2
8 6
8 7
9 1
9 12
9 11
9 8
9 6
9 2
10 12
10 11
10 16
11 10
11 12
11 14
11 7
11 3
11 4
11 6
11 15
11 16
11 9
11 13
11 17
12 10
12 11
12 7
12 14
12 3
12 9
12 15
13 5
13 14
13 11
13 17
13 3
13 7
13 2
13 8
14 12
14 13
14 3
14 8
14 2
14 17
14 6
14 11
14 7
15 5
15 12
15 11
15 7
15 4
16 10
16 11
16 7
16 4
17 5
17 14
17 11
17 13
17 2
17 7
17 6
