1 11
1 5
1 12
1 2
1 14
1 15
1 9
1 3
1 8
2 11
2 4
2 5
2 13
2 12
2 1
2 14
2 3
2 9
2 15
2 8
3 11
3 4
3 5
3 13
3 12
3 2
3 1
3 7
4 11
4 5
4 13
4 3
4 7
4 2
4 12
4 16
4 17
5 11
5 4
5 3
5 13
5 7
5 2
5 1
5 17
5 16
5 12
6 7
6 16
7 4
7 5
7 13
7 3
7 6
7 16
7 15
7 14
8 11
8 12
8 2
8 1
8 9
8 10
8 15
8 17
9 12
9 2
9 1
9 15
9 8
9 14
9 10
9 17
10 9
10 17
10 8
10 16
10 15
11 3
11 5
11 1
11 2
11 8
11 4
11 13
12 4
12 5
12 13
12 2
12 8
12 9
12 1
12 3
13 11
13 4
13 5
13 3
13 7
13 2
13 12
13 16
13 17
14 2
14 1
14 9
14 7
14 15
15 2
15 1
15 9
15 10
15 8
15 7
15 14
16 4
16 5
16 13
16 10
16 17
16 6
16 7
17 4
17 5
17 13
17 9
17 10
17 8
17 16
