1 4
1 2
1 10
1 15
1 3
1 12
1 9
2 1
2 10
2 13
2 4
2 12
2 11
2 15
2 3
3 1
3 13
3 5
3 6
3 2
3 15
3 7
3 12
3 11
4 1
4 9
4 10
4 2
5 6
5 15
5 12
5 3
5 7
6 5
6 15
6 12
6 3
7 10
7 13
7 5
7 15
7 8
7 11
7 12
7 3
8 10
8 13
8 7
8 11
8 12
9 1
9 4
10 1
10 13
10 7
10 8
10 11
10 12
10 2
10 4
11 10
11 13
11 2
11 15
11 8
11 7
11 12
11 14
11 3
12 1
12 10
12 13
12 5
12 6
12 2
12 15
12 8
12 7
12 3
12 11
12 14
13 10
13 11
13 12
13 8
13 7
13 14
13 3
13 15
13 2
14 13
14 12
14 11
15 1
15 13
15 5
15 6
15 2
15 3
15 12
15 7
15 11
