1 18
1 7
1 6
2 3
2 10
2 4
2 11
2 5
2 7
2 6
2 8
3 18
3 15
3 14
3 4
3 5
3 13
3 11
3 2
3 10
4 18
4 3
4 10
4 5
4 2
4 15
4 14
5 18
5 3
5 10
5 4
5 15
5 2
5 12
5 14
5 17
6 18
6 11
6 2
6 1
6 7
6 8
6 12
6 13
7 18
7 10
7 11
7 2
7 1
7 6
7 12
7 13
7 8
8 16
8 18
8 2
8 7
8 6
8 9
8 17
9 16
9 18
9 8
9 12
9 17
10 3
10 2
10 11
10 4
10 5
10 7
11 18
11 3
11 10
11 2
11 13
11 14
11 17
11 15
11 7
11 6
12 16
12 5
12 14
12 7
12 6
12 9
12 17
12 13
13 3
13 11
13 15
13 14
13 7
13 6
13 12
14 18
14 3
14 4
14 11
14 15
14 5
14 13
14 12
15 18
15 3
15 4
15 11
15 14
15 5
15 13
16 17
16 9
16 8
16 12
17 16
17 18
17 11
17 5
17 9
17 12
17 8
18 6
18 7
18 9
18 8
18 5
18 1
18 14
18 3
18 15
18 17
18 4
18 11
