1 5
1 13
1 9
1 15
2 18
2 3
2 17
2 4
2 12
2 8
2 11
2 16
3 13
3 14
3 2
3 4
3 12
3 17
3 15
3 8
3 11
3 16
4 7
4 2
4 3
4 12
4 17
4 8
4 11
4 16
5 9
5 6
5 10
5 1
5 13
6 5
6 18
6 13
6 10
6 14
6 15
6 9
6 17
7 18
7 8
7 10
7 4
7 9
7 17
7 16
7 11
8 7
8 18
8 10
8 14
8 2
8 3
8 15
8 4
8 16
8 11
9 5
9 7
9 18
9 1
9 10
9 14
9 6
9 15
10 5
10 7
10 13
10 11
10 9
10 16
10 8
10 15
10 6
11 7
11 13
11 10
11 14
11 2
11 3
11 15
11 4
11 8
11 16
12 13
12 14
12 2
12 3
12 15
12 4
13 5
13 18
13 12
13 16
13 14
13 17
13 6
13 1
13 11
13 10
13 3
14 13
14 15
14 12
14 3
14 8
14 16
14 11
14 9
14 6
15 18
15 1
15 10
15 14
15 6
15 3
15 9
15 11
15 8
15 16
15 17
15 12
16 7
16 13
16 10
16 14
16 2
16 3
16 15
16 4
16 8
16 11
17 7
17 18
17 13
17 6
17 2
17 3
17 15
17 4
18 7
18 17
18 15
18 13
18 9
18 6
18 2
18 8
