1 12
1 13
1 3
1 5
1 4
1 8
1 2
2 9
2 16
2 1
2 10
2 17
2 3
2 18
3 1
3 10
3 4
3 2
3 17
3 8
4 1
4 6
4 8
4 3
4 7
4 18
5 9
5 12
5 11
5 13
5 1
5 10
5 15
5 14
6 4
6 14
6 8
6 7
7 16
7 11
7 6
7 4
7 17
7 18
8 16
8 1
8 6
8 4
8 17
8 18
8 3
9 10
9 5
9 13
9 2
9 17
9 14
9 18
9 16
10 9
10 16
10 13
10 5
10 2
10 17
10 3
10 18
10 14
11 12
11 13
11 15
11 14
11 5
11 7
12 16
12 15
12 14
12 13
12 11
12 18
12 17
12 1
12 5
13 9
13 12
13 11
13 14
13 5
13 15
13 1
13 10
14 9
14 12
14 11
14 13
14 5
14 10
14 6
14 15
15 12
15 11
15 13
15 5
15 14
16 9
16 17
16 18
16 7
16 12
16 2
16 10
16 8
17 9
17 16
17 12
17 10
17 2
17 18
17 3
17 7
17 8
18 9
18 16
18 12
18 10
18 4
18 2
18 17
18 7
18 8
