1 6
1 14
1 13
1 3
1 11
1 12
1 10
2 9
2 10
2 3
2 7
2 8
2 6
2 14
2 13
2 11
3 1
3 10
3 2
3 7
3 6
3 11
4 9
4 15
4 12
4 7
4 13
4 8
4 14
5 6
5 11
5 17
6 1
6 2
6 3
6 5
7 9
7 10
7 2
7 8
7 17
7 4
7 13
7 3
7 14
8 9
8 2
8 7
8 4
8 13
8 14
9 7
9 8
9 4
9 13
9 2
9 14
10 1
10 16
10 7
10 17
10 12
10 2
10 3
11 1
11 16
11 2
11 3
11 5
11 17
12 1
12 15
12 16
12 10
12 14
12 4
12 13
12 17
13 9
13 1
13 12
13 2
13 7
13 4
13 14
13 8
14 9
14 1
14 12
14 2
14 7
14 4
14 13
14 8
15 16
15 17
15 12
15 4
16 15
16 17
16 11
16 12
16 10
17 15
17 16
17 10
17 12
17 7
17 11
17 5
