1 2
1 9
1 6
1 10
1 8
1 18
1 3
1 15
1 7
1 11
2 6
2 1
2 5
2 18
2 8
2 7
2 15
2 3
2 13
2 14
2 12
3 4
3 2
3 12
3 14
3 18
3 13
3 15
3 1
4 3
4 5
4 6
4 18
4 15
4 8
4 7
5 4
5 2
5 6
5 17
5 12
5 7
6 4
6 2
6 5
6 1
6 13
6 14
6 12
6 8
6 7
6 17
7 4
7 2
7 6
7 10
7 8
7 5
7 1
8 4
8 2
8 9
8 6
8 12
8 10
8 16
8 7
8 11
8 14
8 13
8 1
9 10
9 11
9 1
9 8
9 18
9 19
9 16
10 9
10 12
10 8
10 11
10 19
10 7
10 14
10 13
10 1
10 16
11 9
11 12
11 10
11 8
11 14
11 13
11 19
11 1
12 2
12 6
12 17
12 13
12 14
12 11
12 15
12 3
12 19
12 5
12 10
12 8
13 2
13 6
13 17
13 12
13 10
13 16
13 8
13 14
13 11
13 15
13 3
14 2
14 6
14 17
14 12
14 10
14 8
14 13
14 11
14 18
14 15
14 3
15 4
15 2
15 12
15 14
15 13
15 3
15 1
16 9
16 17
16 10
16 8
16 13
17 6
17 12
17 16
17 13
17 14
17 19
17 18
17 5
18 4
18 2
18 9
18 17
18 14
18 3
18 1
19 9
19 17
19 12
19 10
19 11
