1 11
1 2
1 9
1 7
1 17
2 4
2 11
2 9
2 1
2 14
2 15
2 8
2 13
2 17
2 7
2 5
2 6
3 4
3 5
3 6
3 12
3 16
4 6
4 5
4 10
4 11
4 3
4 12
4 17
4 9
4 2
5 4
5 2
5 9
5 12
5 6
5 8
5 3
5 17
6 4
6 2
6 9
6 5
6 3
6 12
6 17
7 11
7 2
7 1
7 15
8 2
8 14
8 9
8 5
8 15
8 12
9 4
9 11
9 2
9 14
9 1
9 8
9 13
9 15
9 5
9 6
9 17
10 4
10 11
10 17
10 13
10 15
10 16
11 4
11 10
11 16
11 1
11 2
11 13
11 15
11 7
11 9
12 4
12 5
12 8
12 6
12 3
13 11
13 2
13 14
13 9
13 10
13 15
14 2
14 15
14 9
14 13
14 8
15 11
15 2
15 14
15 9
15 8
15 7
15 13
15 16
15 10
16 11
16 17
16 15
16 10
16 3
17 4
17 2
17 9
17 5
17 6
17 1
17 10
17 16
