1 15
1 10
1 6
1 5
1 12
2 4
2 3
2 11
2 8
3 2
3 4
3 15
3 8
3 10
3 9
3 5
3 12
3 6
4 2
4 3
4 15
4 5
4 12
4 11
4 9
5 4
5 15
5 8
5 3
5 1
5 9
5 6
5 13
5 12
6 15
6 8
6 3
6 1
6 9
6 5
6 12
7 14
7 15
7 8
7 10
7 9
7 13
7 11
8 14
8 2
8 9
8 10
8 3
8 11
8 6
8 5
8 7
9 14
9 4
9 15
9 8
9 10
9 3
9 6
9 5
9 11
9 7
10 14
10 8
10 9
10 3
10 11
10 1
10 7
11 14
11 2
11 4
11 8
11 10
11 9
11 7
12 4
12 15
12 3
12 1
12 6
12 13
12 5
13 15
13 7
13 12
13 5
14 11
14 8
14 10
14 9
14 7
15 4
15 5
15 12
15 3
15 6
15 1
15 9
15 7
15 13
