1 4
1 5
1 2
2 13
2 1
2 14
2 3
2 5
3 13
3 4
3 2
3 5
4 1
4 5
4 7
4 6
4 9
4 3
4 10
4 16
5 1
5 4
5 2
5 3
5 9
5 16
5 6
5 10
5 7
6 11
6 12
6 13
6 4
6 8
6 9
6 10
6 5
7 4
7 5
8 9
8 6
8 16
9 11
9 12
9 13
9 4
9 8
9 6
9 10
9 16
9 5
10 11
10 12
10 13
10 4
10 14
10 9
10 16
10 6
10 5
11 12
11 10
11 14
11 9
11 6
11 13
11 16
11 15
12 11
12 14
12 10
12 16
12 15
12 13
12 9
12 6
13 11
13 12
13 15
13 6
13 10
13 3
13 2
13 9
14 11
14 12
14 15
14 16
14 2
14 10
15 11
15 12
15 13
15 14
15 16
16 11
16 12
16 4
16 14
16 8
16 15
16 9
16 5
16 10
