1 16
1 2
1 17
1 8
1 10
1 9
1 15
2 1
2 4
2 7
2 15
2 16
2 17
2 5
2 6
3 4
3 10
3 7
3 6
3 5
4 12
4 6
4 5
4 3
4 7
4 2
4 14
4 10
5 4
5 10
5 7
5 3
5 14
5 2
5 6
6 4
6 10
6 7
6 3
6 14
6 2
6 5
7 4
7 8
7 10
7 6
7 5
7 3
7 9
7 2
8 1
8 9
8 11
8 10
8 13
8 15
8 16
8 17
8 7
9 1
9 8
9 10
9 7
9 11
9 16
9 13
9 17
10 1
10 4
10 8
10 7
10 9
10 3
10 16
10 13
10 11
10 6
10 5
10 17
11 8
11 10
11 9
11 13
11 15
11 16
12 4
12 18
12 17
13 8
13 10
13 11
13 9
13 18
14 4
14 5
14 6
15 1
15 8
15 11
15 16
15 2
16 1
16 8
16 10
16 11
16 15
16 2
16 9
17 12
17 1
17 8
17 10
17 2
17 9
17 18
18 12
18 17
18 13
