1 7
1 11
1 12
1 13
1 2
2 11
2 14
2 12
2 13
2 1
2 10
3 4
3 5
3 9
3 17
3 16
4 3
4 9
4 17
4 16
4 8
4 5
5 3
5 9
5 17
5 15
5 16
5 4
6 11
6 15
6 13
6 8
7 14
7 18
7 13
7 1
7 8
8 7
8 9
8 17
8 14
8 18
8 6
8 4
9 3
9 4
9 17
9 8
9 5
10 11
10 15
10 14
10 12
10 16
10 13
10 2
11 10
11 13
11 12
11 6
11 2
11 14
11 1
12 11
12 14
12 10
12 2
12 13
12 1
13 7
13 11
13 14
13 12
13 10
13 2
13 6
13 1
13 18
14 7
14 11
14 18
14 13
14 12
14 2
14 10
14 8
15 16
15 5
15 10
15 6
16 3
16 15
16 5
16 4
16 10
17 3
17 9
17 4
17 8
17 5
18 7
18 14
18 13
18 8
