1 5
1 13
1 2
1 6
2 14
2 5
2 1
2 13
2 7
3 5
3 4
3 16
3 15
3 9
3 12
3 11
3 7
3 14
3 17
4 3
4 14
4 5
4 12
4 15
4 7
4 16
4 17
4 9
5 3
5 14
5 4
5 2
5 1
5 11
5 16
5 7
5 12
5 15
5 9
6 1
6 13
6 15
6 11
6 9
7 3
7 10
7 14
7 5
7 2
7 4
7 17
8 13
8 12
8 15
8 9
9 3
9 10
9 14
9 5
9 12
9 15
9 4
9 11
9 8
9 6
10 17
10 7
10 15
10 12
10 9
10 16
10 14
11 3
11 5
11 15
11 6
11 9
11 16
12 3
12 10
12 5
12 17
12 15
12 9
12 16
12 4
12 8
13 1
13 2
13 8
13 6
14 3
14 10
14 7
14 2
14 9
14 15
14 4
14 5
15 3
15 10
15 14
15 5
15 12
15 9
15 4
15 17
15 11
15 6
15 8
16 3
16 10
16 5
16 12
16 4
16 17
16 11
17 3
17 10
17 12
17 15
17 4
17 16
17 7
