1 2
1 3
1 6
1 11
1 8
1 4
1 13
1 7
1 12
1 17
2 3
2 5
2 16
2 4
2 1
2 11
2 6
2 8
2 17
3 2
3 4
3 5
3 16
3 1
3 11
3 6
3 9
4 2
4 3
4 15
4 16
4 1
4 11
4 6
4 5
5 2
5 3
5 16
5 4
5 8
5 17
6 2
6 3
6 1
6 12
6 19
6 7
6 4
6 11
7 15
7 16
7 1
7 12
7 19
7 6
7 18
7 17
7 11
8 2
8 15
8 16
8 1
8 13
8 12
8 14
8 5
8 9
9 3
9 15
9 12
9 8
9 10
10 15
10 9
11 2
11 3
11 1
11 12
11 14
11 7
11 4
11 6
11 17
12 1
12 11
12 17
12 9
12 6
12 7
12 8
12 14
13 1
13 14
13 8
14 13
14 12
14 19
14 18
14 11
14 8
15 10
15 17
15 7
15 19
15 8
15 18
15 4
15 9
16 2
16 3
16 17
16 5
16 19
16 7
16 8
16 4
17 2
17 15
17 16
17 1
17 12
17 19
17 7
17 11
17 5
18 15
18 14
18 19
18 7
19 15
19 16
19 14
19 7
19 18
19 17
19 6
