1 7
1 13
1 12
1 2
1 3
1 8
1 6
1 10
2 7
2 13
2 15
2 14
2 1
2 5
2 4
3 7
3 12
3 1
3 6
3 11
3 15
3 14
3 4
3 8
3 5
3 9
4 12
4 2
4 6
4 15
4 3
4 5
4 8
4 9
5 2
5 3
5 4
5 9
6 7
6 13
6 12
6 17
6 1
6 8
6 3
6 15
6 14
6 11
6 4
7 6
7 13
7 2
7 17
7 14
7 1
7 11
7 8
7 3
7 12
7 9
8 7
8 12
8 1
8 6
8 11
8 15
8 14
8 3
8 4
8 9
9 7
9 13
9 11
9 15
9 14
9 3
9 4
9 5
9 8
10 1
11 7
11 12
11 6
11 8
11 3
11 9
12 7
12 11
12 8
12 3
12 6
12 1
12 15
12 14
12 4
13 7
13 9
13 1
13 2
13 15
13 6
14 7
14 12
14 17
14 2
14 6
14 15
14 16
14 9
14 8
14 3
15 13
15 12
15 17
15 2
15 6
15 9
15 14
15 8
15 3
15 4
15 16
16 17
16 15
16 14
17 7
17 16
17 14
17 15
17 6
