1 13
1 5
1 16
1 4
1 17
1 15
1 8
1 14
2 18
2 4
2 3
2 7
2 6
2 11
3 18
3 4
3 2
3 15
3 14
3 7
3 11
3 12
3 6
4 13
4 5
4 18
4 7
4 8
4 1
4 15
4 12
4 9
4 10
4 3
4 2
4 6
5 4
5 18
5 7
5 6
5 8
5 1
5 15
5 12
6 13
6 5
6 16
6 18
6 4
6 3
6 7
6 17
6 10
6 2
7 13
7 5
7 18
7 4
7 3
7 6
7 2
7 8
7 17
7 10
7 9
7 12
8 13
8 5
8 16
8 18
8 4
8 7
8 17
8 1
8 15
8 11
8 14
9 16
9 18
9 4
9 7
9 17
9 10
9 11
10 13
10 18
10 4
10 7
10 6
10 9
11 3
11 8
11 2
11 9
12 13
12 5
12 16
12 18
12 4
12 3
12 7
13 1
13 8
13 15
13 10
13 12
13 16
13 17
13 4
13 18
13 7
13 6
14 3
14 1
14 8
14 15
15 13
15 5
15 16
15 4
15 3
15 17
15 1
15 8
15 14
16 13
16 17
16 12
16 6
16 9
16 8
16 1
16 15
17 13
17 16
17 18
17 7
17 6
17 9
17 8
17 1
17 15
18 13
18 5
18 7
18 4
18 3
18 2
18 6
18 17
18 12
18 8
18 9
18 10
