1 17
1 8
1 9
1 11
1 10
1 3
2 9
2 11
2 14
2 15
2 3
2 4
2 12
2 6
2 7
3 17
3 8
3 11
3 14
3 15
3 4
3 1
3 12
3 6
3 2
3 16
4 8
4 11
4 3
4 12
4 6
4 2
4 7
5 8
5 9
5 11
5 13
5 14
5 15
5 10
5 16
5 7
6 11
6 13
6 14
6 15
6 3
6 4
6 12
6 2
6 16
6 7
7 13
7 4
7 12
7 5
7 2
7 16
7 6
8 17
8 9
8 11
8 10
8 16
8 13
8 12
8 3
8 4
8 5
8 1
8 14
9 17
9 8
9 10
9 11
9 1
9 2
9 14
9 5
10 17
10 8
10 9
10 11
10 14
10 1
10 5
11 8
11 9
11 12
11 3
11 4
11 16
11 1
11 10
11 13
11 5
11 2
11 6
12 8
12 11
12 3
12 4
12 2
12 6
12 7
13 8
13 11
13 7
13 16
13 6
13 5
14 8
14 9
14 2
14 6
14 3
14 5
14 10
15 5
15 6
15 2
15 16
15 3
16 8
16 11
16 13
16 15
16 3
16 5
16 7
16 6
17 1
17 10
17 9
17 8
17 3
