1 6
1 2
1 14
1 20
1 12
1 11
1 13
1 9
1 16
1 3
1 7
2 4
2 6
2 1
2 20
2 14
2 13
2 16
2 10
2 8
2 19
2 7
2 12
3 6
3 1
3 19
3 17
3 14
3 20
4 15
4 8
4 17
4 18
4 16
4 13
4 20
4 2
5 9
5 15
5 11
5 8
5 19
5 14
5 20
5 16
6 1
6 14
6 11
6 2
6 12
6 13
6 9
6 19
6 3
6 7
7 6
7 1
7 2
7 17
7 18
7 12
8 4
8 2
8 9
8 15
8 16
8 12
8 10
8 5
8 20
8 18
9 6
9 1
9 5
9 19
9 20
9 12
9 8
9 15
9 16
9 14
10 2
10 8
10 17
10 20
11 6
11 1
11 13
11 12
11 16
11 5
11 14
12 6
12 1
12 2
12 7
12 9
12 11
12 13
12 8
12 14
12 16
13 4
13 6
13 1
13 2
13 15
13 11
13 12
13 16
13 14
14 6
14 1
14 2
14 9
14 11
14 13
14 18
14 12
14 3
14 5
15 4
15 9
15 8
15 16
15 18
15 5
15 13
16 4
16 1
16 2
16 9
16 15
16 11
16 13
16 8
16 18
16 12
16 5
17 4
17 7
17 18
17 19
17 10
17 20
17 3
18 4
18 7
18 15
18 8
18 17
18 14
18 16
19 6
19 2
19 9
19 3
19 20
19 5
19 17
20 4
20 1
20 2
20 9
20 8
20 19
20 17
20 3
20 10
20 5
