1 10
1 12
1 8
1 4
1 7
1 6
1 9
2 10
2 5
2 16
2 3
2 9
2 6
3 12
3 5
3 16
3 4
3 2
3 9
3 6
4 10
4 5
4 16
4 11
4 8
4 7
4 6
4 1
4 15
4 9
4 3
5 10
5 12
5 16
5 3
5 4
5 2
5 15
5 11
5 7
6 14
6 10
6 11
6 8
6 4
6 3
6 1
6 7
6 13
6 2
7 14
7 10
7 5
7 11
7 8
7 4
7 1
7 9
7 6
7 13
8 10
8 11
8 6
8 7
8 1
8 4
9 10
9 11
9 4
9 3
9 1
9 2
9 7
9 13
10 9
10 4
10 7
10 8
10 6
10 2
10 11
10 13
10 1
10 5
11 14
11 10
11 5
11 7
11 8
11 4
11 9
11 6
11 13
12 15
12 1
12 5
12 3
12 16
13 14
13 10
13 11
13 9
13 7
13 6
14 13
14 7
14 11
14 6
15 12
15 5
15 4
16 12
16 5
16 3
16 4
16 2
