1 17
1 7
1 16
1 3
1 4
1 15
2 10
2 14
2 3
2 8
2 15
2 13
2 4
2 9
3 10
3 1
3 16
3 4
3 17
3 15
3 11
3 6
3 5
3 8
3 9
3 2
3 13
4 10
4 1
4 3
4 16
4 5
4 8
4 15
4 13
4 6
4 2
4 9
4 17
4 11
5 3
5 6
5 11
5 4
6 14
6 3
6 5
6 8
6 15
6 13
6 4
7 1
8 10
8 14
8 3
8 16
8 9
8 13
8 6
8 2
8 4
9 10
9 14
9 3
9 16
9 8
9 4
9 2
10 8
10 9
10 2
10 4
10 16
10 3
10 14
10 12
11 3
11 5
11 4
12 10
13 14
13 3
13 16
13 8
13 15
13 4
13 6
13 2
13 17
14 10
14 8
14 2
14 9
14 6
14 13
14 15
15 14
15 1
15 3
15 16
15 17
15 13
15 4
15 2
15 6
16 10
16 1
16 3
16 17
16 15
16 4
16 8
16 9
16 13
17 1
17 3
17 16
17 15
17 13
17 4
