1 6
1 18
1 3
1 5
1 4
1 2
1 17
1 12
1 11
2 6
2 7
2 16
2 18
2 14
2 3
2 13
2 1
2 12
3 18
3 1
3 4
3 5
3 9
3 15
3 13
3 2
4 16
4 18
4 3
4 13
4 5
4 9
4 8
4 17
4 1
4 15
5 18
5 3
5 13
5 4
5 15
5 9
5 1
6 7
6 12
6 17
6 2
6 1
6 18
7 6
7 12
7 17
7 2
8 16
8 18
8 13
8 4
8 12
8 9
9 16
9 3
9 5
9 4
9 17
9 8
10 17
10 11
11 18
11 14
11 10
11 1
12 6
12 7
12 16
12 13
12 15
12 1
12 17
12 8
12 2
13 16
13 18
13 14
13 3
13 15
13 12
13 8
13 2
13 17
13 5
13 4
14 15
14 11
14 17
14 2
14 13
15 18
15 14
15 3
15 13
15 5
15 4
15 12
16 2
16 8
16 9
16 12
16 13
16 4
17 6
17 7
17 14
17 10
17 13
17 4
17 1
17 12
17 9
18 6
18 1
18 3
18 2
18 4
18 5
18 13
18 15
18 11
18 8
