1 13
1 7
1 15
1 8
1 9
1 10
1 2
1 16
2 12
2 13
2 7
2 15
2 8
2 9
2 1
3 4
3 5
3 16
3 11
3 10
4 5
4 16
4 3
4 12
4 13
4 6
4 11
4 7
4 9
4 8
5 4
5 16
5 3
5 11
5 6
5 10
6 4
6 5
6 12
6 11
6 7
7 4
7 12
7 13
7 6
7 9
7 8
7 11
7 15
7 1
7 10
7 2
8 4
8 12
8 13
8 7
8 15
8 2
8 9
8 1
9 4
9 13
9 7
9 15
9 8
9 1
9 10
9 2
10 5
10 7
10 3
10 15
10 9
10 16
10 1
11 4
11 5
11 6
11 7
11 3
11 16
12 4
12 13
12 2
12 8
12 6
12 7
13 4
13 12
13 2
13 8
13 7
13 1
13 9
14 15
15 7
15 1
15 10
15 9
15 8
15 2
15 14
15 16
16 4
16 5
16 3
16 15
16 10
16 1
16 11
