1 6
1 4
1 11
1 14
1 12
2 3
2 13
2 16
2 15
2 5
2 14
2 10
2 12
3 2
3 10
3 13
3 16
4 6
4 17
4 9
4 15
4 1
4 7
5 13
5 16
5 9
5 15
5 2
5 14
6 7
6 4
6 17
6 10
6 1
6 8
7 6
7 17
7 4
7 10
7 8
8 13
8 6
8 17
8 10
8 12
8 7
9 16
9 15
9 5
9 11
9 14
9 4
10 3
10 13
10 6
10 16
10 15
10 11
10 14
10 7
10 8
10 2
11 13
11 16
11 9
11 15
11 1
11 12
11 14
11 10
12 13
12 16
12 15
12 11
12 14
12 1
12 8
12 2
13 3
13 16
13 2
13 12
13 8
13 15
13 14
13 5
13 11
13 10
14 13
14 16
14 9
14 15
14 11
14 5
14 12
14 2
14 10
14 1
15 13
15 16
15 9
15 14
15 10
15 11
15 2
15 5
15 4
15 12
16 3
16 13
16 15
16 14
16 2
16 10
16 12
16 9
16 11
16 5
17 6
17 4
17 8
17 7
