1 5
1 2
1 6
1 11
1 16
1 7
1 15
1 14
1 17
1 12
2 9
2 5
2 7
2 14
2 12
2 1
2 17
2 13
2 15
3 4
3 7
3 11
3 8
3 17
3 16
3 13
4 10
4 3
4 11
4 7
5 9
5 12
5 7
5 2
5 14
5 13
5 17
5 1
5 15
6 9
6 15
6 1
6 16
6 8
7 9
7 5
7 2
7 3
7 11
7 12
7 14
7 13
7 15
7 1
7 4
8 9
8 10
8 3
8 6
8 14
8 17
9 6
9 2
9 5
9 14
9 7
9 12
9 8
9 11
9 16
9 15
10 4
10 8
10 12
10 13
11 9
11 3
11 4
11 7
11 15
11 1
12 9
12 10
12 5
12 2
12 7
12 14
12 13
12 1
13 10
13 5
13 2
13 3
13 7
13 14
13 12
14 9
14 5
14 2
14 7
14 12
14 8
14 1
14 13
15 9
15 5
15 2
15 6
15 11
15 16
15 7
15 1
15 17
16 9
16 3
16 6
16 15
16 1
16 17
17 5
17 2
17 3
17 16
17 15
17 1
17 8
