1 8
1 2
1 4
1 11
1 7
1 10
1 6
1 3
1 13
2 8
2 1
2 5
2 4
2 11
2 10
2 7
2 6
3 14
3 15
3 1
3 9
3 4
3 11
3 7
3 16
3 6
3 5
4 8
4 1
4 9
4 3
4 10
4 11
4 7
4 13
4 2
4 16
5 14
5 15
5 18
5 3
5 6
5 13
5 10
5 2
5 16
6 8
6 18
6 1
6 3
6 5
6 13
6 10
6 7
6 2
7 8
7 1
7 9
7 3
7 4
7 10
7 6
7 2
8 7
8 10
8 9
8 15
8 14
8 16
8 1
8 4
8 6
8 2
8 18
8 17
9 8
9 15
9 7
9 3
9 12
9 4
10 8
10 1
10 5
10 4
10 13
10 11
10 6
10 2
10 7
11 14
11 15
11 1
11 3
11 4
11 12
11 10
11 2
12 14
12 15
12 9
12 11
12 16
13 14
13 15
13 1
13 5
13 4
13 16
13 10
13 6
14 8
14 16
14 15
14 13
14 5
14 3
14 12
14 11
15 8
15 14
15 16
15 12
15 3
15 9
15 13
15 5
15 11
16 8
16 14
16 15
16 3
16 5
16 4
16 13
16 12
17 8
17 18
18 8
18 17
18 6
18 5
