1 6
1 2
2 11
2 12
2 3
2 5
2 6
2 1
3 7
3 11
3 12
3 4
3 13
3 2
4 10
4 7
4 12
4 3
4 14
4 16
4 15
4 9
5 10
5 11
5 12
5 9
5 13
5 2
6 10
6 16
6 1
6 2
7 10
7 9
7 14
7 4
7 3
7 12
8 10
8 9
8 16
8 17
8 14
8 15
9 10
9 7
9 11
9 4
9 5
9 16
9 8
9 17
10 9
10 16
10 6
10 7
10 14
10 15
10 17
10 5
10 11
10 8
10 4
11 10
11 12
11 5
11 13
11 3
11 2
11 9
12 7
12 11
12 13
12 3
12 5
12 4
12 2
13 11
13 12
13 3
13 5
13 16
13 14
13 15
14 10
14 7
14 4
14 16
14 8
14 15
14 17
14 13
15 10
15 4
15 16
15 8
15 14
15 13
15 17
16 10
16 4
16 9
16 14
16 15
16 8
16 13
16 17
16 6
17 10
17 9
17 16
17 8
17 14
17 15
