1 17
1 16
1 8
1 6
1 2
1 9
1 10
1 11
2 15
2 8
2 3
2 13
2 1
2 5
3 15
3 7
3 8
3 6
3 13
3 2
3 12
3 5
4 17
4 15
4 7
4 16
4 6
4 9
4 14
5 18
5 16
5 6
5 3
5 2
5 11
5 9
6 17
6 15
6 7
6 16
6 8
6 9
6 5
6 3
6 13
6 14
6 1
6 4
6 12
7 18
7 6
7 12
7 4
7 14
7 9
7 3
7 13
8 17
8 9
8 6
8 14
8 2
8 3
8 11
8 1
9 17
9 15
9 7
9 16
9 8
9 6
9 5
9 1
9 4
9 14
9 11
10 17
10 16
10 1
10 11
11 17
11 18
11 8
11 5
11 9
11 1
11 10
12 18
12 7
12 6
12 3
12 13
13 15
13 7
13 6
13 3
13 12
13 2
14 15
14 18
14 7
14 8
14 6
14 9
14 4
15 17
15 4
15 16
15 14
15 18
15 2
15 13
15 3
15 9
15 6
16 17
16 15
16 10
16 4
16 9
16 6
16 5
16 1
17 1
17 16
17 8
17 9
17 6
17 10
17 11
17 15
17 4
18 15
18 5
18 7
18 11
18 12
18 14
