1 16
1 7
1 11
1 2
1 17
1 3
1 6
1 15
1 13
1 14
1 12
1 18
1 10
2 16
2 7
2 11
2 1
2 3
2 17
2 10
2 15
3 16
3 7
3 11
3 2
3 1
3 13
3 12
3 15
3 14
3 10
3 17
4 5
4 16
4 7
4 8
4 15
4 13
4 6
4 9
4 10
4 19
5 4
5 6
5 19
5 8
5 13
5 17
5 18
5 11
6 5
6 16
6 4
6 11
6 8
6 1
6 19
6 9
6 17
6 18
7 8
7 9
7 2
7 3
7 1
7 4
7 13
8 5
8 16
8 7
8 4
8 9
8 6
8 10
8 15
8 13
9 7
9 4
9 8
9 13
9 12
9 6
9 14
10 4
10 11
10 2
10 8
10 1
10 12
10 3
11 5
11 10
11 2
11 3
11 1
11 6
11 19
12 16
12 1
12 13
12 19
12 14
12 18
12 10
12 9
12 15
12 3
12 17
13 5
13 16
13 7
13 4
13 8
13 1
13 12
13 14
13 3
13 17
13 15
13 19
13 9
13 18
14 1
14 13
14 19
14 12
14 3
14 9
14 17
14 18
15 16
15 4
15 2
15 8
15 1
15 13
15 19
15 12
15 3
16 15
16 4
16 8
16 13
16 19
16 6
16 12
16 1
16 3
16 2
16 18
16 17
17 5
17 16
17 2
17 1
17 13
17 12
17 6
17 3
17 14
17 18
18 5
18 16
18 1
18 13
18 12
18 6
18 14
18 17
19 5
19 16
19 4
19 11
19 13
19 15
19 6
19 14
19 12
