1 2
1 3
1 5
1 12
1 10
1 11
1 6
1 4
2 17
2 1
2 3
2 5
2 14
2 10
2 11
2 12
3 13
3 1
3 2
3 5
3 12
3 10
3 11
4 1
4 5
4 7
4 8
5 13
5 16
5 1
5 2
5 6
5 10
5 11
5 18
5 14
5 3
5 4
6 13
6 17
6 16
6 1
6 5
6 18
6 11
6 14
7 8
7 4
8 7
8 4
9 13
10 17
10 16
10 1
10 2
10 5
10 3
10 18
10 11
10 15
10 12
10 14
11 13
11 17
11 16
11 1
11 2
11 5
11 3
11 18
11 10
11 15
11 14
11 6
11 12
12 13
12 17
12 16
12 1
12 2
12 3
12 11
12 10
12 15
13 6
13 12
13 3
13 5
13 17
13 9
13 18
13 11
14 17
14 2
14 5
14 18
14 11
14 10
14 6
14 15
15 17
15 16
15 11
15 10
15 12
15 14
16 17
16 15
16 5
16 6
16 10
16 12
16 11
17 13
17 10
17 15
17 12
17 2
17 6
17 11
17 16
17 14
18 13
18 5
18 11
18 10
18 14
18 6
