1 2
1 12
1 3
1 15
1 4
1 5
1 6
1 16
2 1
2 5
2 3
2 15
2 12
2 6
2 9
3 14
3 2
3 10
3 9
3 1
3 15
3 4
3 5
3 16
3 6
4 14
4 10
4 9
4 1
4 3
4 5
4 15
5 14
5 2
5 12
5 10
5 11
5 1
5 3
5 6
5 4
5 15
6 2
6 12
6 10
6 11
6 1
6 3
6 5
6 15
7 8
7 13
8 7
8 13
8 10
8 11
8 12
9 14
9 2
9 12
9 10
9 11
9 3
9 4
10 14
10 8
10 12
10 9
10 11
10 13
10 5
10 3
10 4
10 6
11 14
11 8
11 12
11 10
11 13
11 9
11 5
11 6
12 14
12 2
12 8
12 11
12 6
12 10
12 1
12 13
12 5
12 9
13 7
13 8
13 12
13 10
13 11
14 9
14 10
14 5
14 3
14 4
14 16
14 11
14 12
15 2
15 1
15 3
15 6
15 5
15 16
15 4
16 14
16 1
16 3
16 15
