1 14
1 11
2 17
2 4
2 3
2 15
2 11
2 8
2 9
3 17
3 12
3 5
3 4
3 16
3 2
3 13
3 15
3 11
4 17
4 2
4 3
4 15
4 11
5 17
5 12
5 13
5 7
5 15
5 11
5 3
5 6
6 17
6 5
6 16
6 7
6 13
6 15
7 12
7 5
7 16
7 6
7 13
8 10
8 2
8 14
8 9
9 10
9 2
9 8
10 8
10 9
11 1
11 17
11 12
11 5
11 4
11 16
11 2
11 13
11 14
11 15
11 3
12 13
12 11
12 3
12 15
12 7
12 5
13 12
13 5
13 6
13 7
13 11
13 3
13 15
14 1
14 17
14 11
14 8
15 17
15 12
15 5
15 4
15 16
15 6
15 2
15 13
15 11
15 3
16 17
16 6
16 15
16 7
16 11
16 3
17 16
17 15
17 14
17 4
17 2
17 3
17 6
17 11
17 5
