1 9
1 4
1 5
1 3
1 11
1 14
1 13
1 16
1 15
1 2
1 6
2 9
2 4
2 5
2 3
2 11
2 16
2 1
2 6
3 9
3 4
3 5
3 2
3 7
3 1
3 6
3 12
3 18
4 3
4 5
4 2
4 16
4 1
4 19
4 13
4 15
5 4
5 19
5 1
5 2
5 15
5 13
5 3
5 16
6 9
6 3
6 10
6 7
6 11
6 2
6 8
6 1
7 3
7 12
7 15
7 13
7 16
7 14
7 11
7 18
7 6
8 9
8 19
8 12
8 17
8 18
8 6
9 8
9 6
9 3
9 18
9 12
9 1
9 2
9 17
9 11
9 10
9 19
10 9
10 19
10 6
11 9
11 12
11 7
11 2
11 1
11 6
11 14
11 18
12 9
12 3
12 18
12 11
12 7
12 17
12 8
13 4
13 5
13 7
13 14
13 16
13 15
13 1
14 19
14 7
14 11
14 13
14 15
14 16
14 1
15 4
15 5
15 7
15 14
15 13
15 16
15 1
16 4
16 5
16 7
16 14
16 13
16 15
16 1
16 2
17 9
17 12
17 8
17 18
18 9
18 3
18 12
18 7
18 11
18 17
18 8
19 9
19 4
19 5
19 10
19 14
19 8
