1 2
1 14
1 10
1 12
1 11
1 8
2 1
2 11
2 5
2 8
2 12
2 10
3 6
3 7
3 15
3 5
3 8
3 16
4 14
4 7
4 6
4 8
5 2
5 3
5 10
5 13
5 15
5 16
5 9
5 8
6 4
6 7
6 11
6 3
6 8
6 14
7 4
7 6
7 11
7 14
7 3
8 4
8 6
8 2
8 3
8 14
8 10
8 12
8 11
8 1
8 5
8 15
9 10
9 12
9 11
9 13
9 5
9 15
9 16
10 2
10 12
10 9
10 13
10 11
10 5
10 15
10 8
10 1
11 6
11 7
11 2
11 10
11 12
11 1
11 8
11 9
11 13
12 2
12 10
12 11
12 13
12 8
12 1
12 9
13 10
13 12
13 11
13 9
13 5
13 15
14 4
14 6
14 7
14 8
14 1
15 3
15 10
15 13
15 5
15 8
15 9
15 16
16 3
16 5
16 9
16 15
