1 9
1 11
1 2
1 17
1 3
1 5
1 8
1 12
1 14
1 15
1 4
2 9
2 11
2 17
2 14
2 1
2 15
2 6
2 5
2 12
2 3
3 10
3 9
3 2
3 1
3 4
3 8
4 10
4 1
4 3
4 14
5 11
5 2
5 1
5 13
5 7
5 12
6 2
6 17
6 15
6 14
7 16
7 14
7 5
8 10
8 9
8 11
8 1
8 3
8 13
8 14
8 12
9 10
9 11
9 13
9 12
9 17
9 8
9 15
9 1
9 2
9 3
10 15
10 8
10 4
10 3
10 11
10 9
11 10
11 9
11 13
11 12
11 1
11 2
11 8
11 5
11 15
11 17
12 9
12 11
12 2
12 17
12 1
12 15
12 13
12 5
12 8
13 9
13 11
13 12
13 8
13 5
13 14
14 2
14 17
14 1
14 13
14 7
14 6
14 8
14 4
15 10
15 9
15 11
15 2
15 1
15 6
15 16
15 12
16 15
16 7
17 9
17 11
17 2
17 14
17 1
17 6
17 12
