1 16
1 12
1 10
1 6
1 7
1 4
1 15
1 11
1 20
1 5
1 3
2 13
2 9
2 10
2 17
2 4
2 11
2 20
2 14
2 18
3 9
3 12
3 6
3 7
3 4
3 1
3 5
4 9
4 12
4 10
4 6
4 5
4 3
4 2
4 1
4 11
5 9
5 12
5 6
5 17
5 4
5 1
5 3
5 18
6 9
6 12
6 3
6 4
6 5
6 1
6 17
6 18
7 12
7 10
7 17
7 18
7 11
7 8
7 20
7 3
7 1
8 16
8 10
8 7
8 20
9 4
9 10
9 5
9 3
9 6
9 2
9 11
9 12
10 9
10 12
10 7
10 4
10 1
10 2
10 11
10 8
11 13
11 9
11 12
11 10
11 7
11 19
11 4
11 1
11 2
11 14
12 9
12 16
12 11
12 1
12 7
12 10
12 6
12 5
12 4
12 3
12 15
13 14
13 17
13 2
13 11
13 15
13 18
14 13
14 16
14 17
14 19
14 11
14 15
14 20
14 2
14 18
15 13
15 16
15 12
15 19
15 1
15 14
15 20
16 15
16 20
16 8
16 12
16 1
16 14
17 13
17 6
17 2
17 18
17 7
17 14
17 5
18 13
18 6
18 17
18 7
18 5
18 2
18 14
19 11
19 15
19 14
20 16
20 7
20 1
20 15
20 8
20 14
20 2
