1 3
1 10
1 9
1 4
1 8
1 16
1 2
1 7
1 15
1 6
2 3
2 1
2 16
2 7
2 6
2 12
2 11
2 14
3 4
3 15
3 14
3 2
3 9
3 1
3 10
3 11
3 6
4 3
4 1
4 10
4 6
4 9
4 14
4 8
4 7
4 15
4 11
5 10
5 6
5 9
5 14
5 13
5 15
5 8
5 12
5 11
6 3
6 1
6 10
6 2
6 16
6 7
6 14
6 11
6 15
6 4
6 9
6 12
6 5
7 1
7 10
7 2
7 16
7 6
7 9
7 14
7 4
7 15
7 11
7 12
8 1
8 10
8 9
8 4
8 13
8 15
8 5
9 3
9 1
9 10
9 6
9 4
9 8
9 5
9 13
9 7
9 15
10 3
10 1
10 4
10 9
10 6
10 7
10 11
10 14
10 8
10 5
10 13
11 3
11 10
11 2
11 6
11 14
11 4
11 15
11 7
11 5
12 2
12 16
12 6
12 7
12 5
13 10
13 9
13 14
13 5
13 15
13 8
14 3
14 10
14 2
14 6
14 15
14 11
14 5
14 7
14 13
14 4
15 3
15 1
15 6
15 9
15 14
15 4
15 13
15 11
15 7
15 5
15 8
16 1
16 2
16 7
16 6
16 12
