1 13
1 2
1 3
1 14
1 6
1 7
1 10
1 8
1 15
1 12
1 4
1 5
2 13
2 1
2 3
2 10
2 8
2 14
2 12
2 5
2 7
3 13
3 2
3 1
3 10
3 12
3 8
3 14
3 7
4 13
4 1
4 10
4 14
4 6
5 2
5 1
5 8
5 15
5 14
5 7
5 9
6 13
6 1
6 10
6 14
6 4
7 11
7 2
7 1
7 10
7 12
7 8
7 15
7 5
7 3
8 2
8 1
8 10
8 7
8 5
8 15
8 3
9 11
9 12
9 15
9 5
10 2
10 1
10 8
10 3
10 4
10 6
10 7
11 13
11 12
11 7
11 9
11 15
11 14
12 13
12 11
12 2
12 1
12 7
12 3
12 9
13 12
13 2
13 1
13 3
13 6
13 4
13 11
14 11
14 2
14 1
14 15
14 5
14 4
14 6
14 3
15 11
15 1
15 8
15 5
15 14
15 9
15 7
