1 15
1 13
1 14
1 10
1 12
1 17
1 16
1 4
1 11
1 7
2 15
2 13
2 14
2 12
2 6
2 5
2 11
2 17
2 16
3 13
3 8
3 4
3 7
4 14
4 8
4 1
4 3
4 17
4 11
5 12
5 9
5 2
5 7
5 16
6 13
6 14
6 10
6 12
6 2
6 11
7 15
7 8
7 1
7 3
7 5
7 17
7 16
8 3
8 7
8 4
8 16
9 13
9 12
9 5
9 17
10 13
10 14
10 6
10 12
10 1
11 15
11 13
11 14
11 12
11 1
11 6
11 4
11 2
11 16
11 17
12 13
12 14
12 10
12 5
12 11
12 2
12 1
12 9
12 6
13 14
13 12
13 6
13 10
13 1
13 11
13 2
13 3
13 9
14 15
14 13
14 1
14 12
14 11
14 2
14 17
14 16
14 10
14 4
14 6
15 16
15 17
15 7
15 14
15 1
15 2
15 11
16 15
16 14
16 8
16 1
16 5
16 11
16 17
16 2
16 7
17 15
17 14
17 1
17 4
17 9
17 11
17 16
17 7
17 2
