1 15
1 2
1 8
1 13
1 17
2 1
2 14
3 9
3 4
3 5
3 16
3 6
3 12
3 11
3 14
3 7
3 8
4 5
4 6
4 3
4 14
4 7
4 12
4 13
4 16
4 8
4 11
5 4
5 6
5 3
5 7
5 14
5 12
5 17
5 16
5 11
5 8
6 4
6 5
6 16
6 3
6 13
6 12
6 14
6 7
6 11
7 9
7 4
7 5
7 16
7 3
7 15
7 8
7 12
7 14
7 17
7 6
8 9
8 4
8 5
8 16
8 3
8 15
8 7
8 14
8 1
8 17
9 17
9 11
9 10
9 13
9 16
9 3
9 7
9 8
10 9
10 11
11 9
11 4
11 5
11 3
11 6
11 10
12 4
12 5
12 3
12 13
12 6
12 7
13 9
13 4
13 6
13 12
13 14
13 1
14 4
14 5
14 3
14 2
14 8
14 13
14 6
14 7
15 8
15 7
15 1
16 9
16 4
16 5
16 3
16 7
16 8
16 6
17 9
17 5
17 8
17 7
17 1
