1 17
1 18
1 6
2 17
2 12
2 18
2 10
2 5
2 16
2 11
2 3
2 13
2 20
2 15
3 4
3 19
3 8
3 14
3 6
3 2
3 20
3 15
3 9
4 5
4 14
4 3
4 11
4 13
4 9
4 8
4 6
4 16
4 18
4 17
5 4
5 7
5 14
5 11
5 2
5 16
5 9
6 4
6 17
6 1
6 18
6 14
6 15
6 3
7 19
7 12
7 10
7 11
7 20
7 5
8 4
8 19
8 12
8 18
8 9
8 3
8 20
8 16
8 14
9 4
9 12
9 18
9 8
9 10
9 5
9 14
9 16
9 11
9 3
9 20
9 15
10 17
10 7
10 19
10 12
10 18
10 13
10 11
10 9
10 16
10 14
10 2
11 4
11 7
11 19
11 12
11 18
11 10
11 5
11 16
11 2
11 13
11 9
12 17
12 7
12 19
12 11
12 10
12 18
12 9
12 8
12 16
12 2
12 13
13 4
13 17
13 12
13 18
13 10
13 14
13 11
13 2
13 15
14 4
14 17
14 18
14 8
14 10
14 5
14 13
14 3
14 6
14 15
14 9
15 17
15 18
15 14
15 16
15 6
15 2
15 3
15 9
15 13
16 4
16 12
16 8
16 10
16 5
16 9
16 15
16 2
16 11
17 4
17 18
17 1
17 10
17 13
17 6
17 12
17 14
17 2
17 15
18 4
18 17
18 1
18 12
18 14
18 10
18 13
18 9
18 8
18 15
18 6
18 2
18 11
19 7
19 20
19 8
19 12
19 10
19 11
19 3
20 7
20 19
20 8
20 2
20 3
20 9
