1 9
1 5
1 8
1 2
1 16
1 12
1 14
1 18
2 9
2 1
2 5
2 12
2 14
2 18
2 16
2 8
2 6
2 17
3 11
3 7
3 17
3 4
4 11
4 8
4 17
4 3
5 9
5 1
5 8
5 13
5 2
5 16
5 12
6 2
6 15
6 7
6 8
7 15
7 6
7 10
7 8
7 3
8 9
8 1
8 5
8 2
8 7
8 12
8 6
8 16
8 4
9 2
9 13
9 1
9 8
9 5
10 11
10 15
10 7
10 12
10 14
10 18
10 16
11 10
11 13
11 14
11 18
11 16
11 3
11 4
11 12
11 15
11 17
12 1
12 5
12 11
12 2
12 14
12 16
12 18
12 10
12 8
13 9
13 5
13 11
13 15
14 1
14 11
14 2
14 15
14 12
14 17
14 10
14 18
14 16
15 11
15 13
15 18
15 17
15 10
15 16
15 14
15 7
15 6
16 1
16 5
16 11
16 2
16 15
16 12
16 8
16 17
16 10
16 14
16 18
17 11
17 2
17 15
17 18
17 14
17 16
17 4
17 3
18 1
18 11
18 2
18 15
18 12
18 17
18 10
18 14
18 16
