1 13
1 11
1 4
1 12
1 18
2 3
2 5
2 18
3 6
3 11
3 4
3 2
3 5
3 12
4 10
4 9
4 13
4 6
4 17
4 7
4 19
4 5
4 12
4 1
4 3
5 9
5 6
5 17
5 11
5 4
5 2
5 3
5 12
6 10
6 9
6 13
6 17
6 12
6 4
6 5
6 16
6 11
6 3
6 19
7 15
7 10
7 9
7 13
7 19
7 14
7 4
7 11
7 12
8 9
8 16
9 8
9 5
9 4
9 6
9 16
9 7
10 15
10 7
10 4
10 14
10 12
10 6
10 17
11 13
11 6
11 17
11 7
11 19
11 12
11 18
11 1
11 16
11 14
11 3
11 5
12 10
12 13
12 6
12 17
12 7
12 19
12 11
12 4
12 3
12 5
12 16
12 18
12 1
12 14
13 1
13 17
13 16
13 7
13 12
13 11
13 6
13 4
14 15
14 10
14 7
14 19
14 11
14 12
15 14
15 19
15 7
15 10
16 9
16 13
16 6
16 17
16 19
16 11
16 12
16 8
17 10
17 13
17 6
17 16
17 12
17 4
17 5
17 19
17 11
18 11
18 2
18 12
18 1
19 15
19 6
19 17
19 7
19 14
19 12
19 11
19 4
19 16
