1 3
1 4
1 5
1 7
1 2
1 17
1 6
2 3
2 4
2 14
2 16
2 5
2 7
2 1
2 6
2 17
2 13
3 2
3 4
3 1
3 6
3 5
3 14
3 7
3 17
3 16
4 3
4 2
4 8
4 17
4 1
4 6
4 5
4 16
4 14
5 3
5 4
5 2
5 13
5 10
5 7
5 6
5 1
6 3
6 4
6 5
6 7
6 2
6 1
6 13
6 10
7 3
7 5
7 6
7 2
7 1
7 10
7 13
8 11
8 15
8 4
8 14
8 16
8 9
8 10
9 11
9 15
9 14
9 10
9 8
10 11
10 15
10 14
10 9
10 5
10 7
10 17
10 6
10 8
11 15
11 8
11 10
11 9
11 16
11 14
12 13
13 12
13 5
13 7
13 2
13 6
14 11
14 15
14 3
14 4
14 16
14 2
14 9
14 10
14 8
15 11
15 16
15 8
15 14
15 10
15 9
16 11
16 15
16 3
16 4
16 14
16 8
16 2
17 3
17 4
17 2
17 10
17 1
