1 6
1 7
1 3
1 4
1 9
1 14
1 2
2 15
2 10
2 8
2 6
2 11
2 13
2 1
2 12
2 9
2 4
2 5
3 8
3 4
3 9
3 1
4 8
4 6
4 7
4 3
4 1
4 14
4 2
5 10
5 8
5 11
5 13
5 12
5 9
5 14
5 2
6 10
6 7
6 1
6 4
6 11
6 2
6 9
6 12
7 10
7 6
7 11
7 12
7 9
7 13
7 1
7 4
8 3
8 9
8 4
8 2
8 11
8 5
9 15
9 10
9 8
9 6
9 11
9 7
9 13
9 3
9 1
9 12
9 2
9 5
10 11
10 6
10 5
10 2
10 7
10 14
10 9
10 12
11 10
11 8
11 6
11 5
11 2
11 9
11 14
11 7
11 12
11 13
12 10
12 6
12 11
12 7
12 13
12 2
12 5
12 9
13 11
13 7
13 12
13 2
13 5
13 9
14 10
14 11
14 1
14 4
14 5
15 2
15 9
