1 3
1 2
1 12
1 13
1 10
1 11
2 10
2 13
2 15
2 6
2 9
2 8
2 7
2 1
2 12
2 11
2 16
3 17
3 16
3 6
3 4
3 7
3 1
4 14
4 3
4 12
4 13
4 11
4 17
5 12
5 10
5 7
5 8
5 6
5 15
6 3
6 2
6 12
6 7
6 8
6 5
6 15
7 14
7 3
7 2
7 12
7 10
7 5
7 6
7 15
7 8
8 14
8 2
8 13
8 10
8 7
8 9
8 17
8 15
8 5
8 6
9 2
9 13
9 10
9 8
9 17
10 2
10 12
10 13
10 9
10 8
10 7
10 15
10 17
10 1
10 5
10 11
11 14
11 2
11 12
11 13
11 4
11 10
11 17
11 15
11 1
12 14
12 2
12 13
12 11
12 15
12 10
12 7
12 5
12 6
12 4
12 1
13 14
13 2
13 12
13 11
13 10
13 15
13 4
13 9
13 8
13 1
14 11
14 4
14 8
14 17
14 16
14 13
14 12
14 7
15 2
15 12
15 13
15 10
15 7
15 8
15 5
15 6
15 11
16 14
16 3
16 2
17 14
17 3
17 4
17 10
17 8
17 9
17 11
