1 6
1 4
1 7
1 16
1 8
1 9
2 3
2 14
2 6
2 4
2 5
2 16
3 11
3 14
3 16
3 4
3 2
3 15
3 10
3 5
4 11
4 3
4 14
4 6
4 2
4 16
4 1
4 10
4 5
5 3
5 14
5 6
5 4
5 8
5 2
5 16
5 9
6 12
6 2
6 1
6 4
6 13
6 5
7 11
7 1
7 8
7 10
8 11
8 15
8 1
8 9
8 13
8 7
8 10
8 5
9 15
9 1
9 8
9 5
9 13
10 11
10 3
10 14
10 4
10 8
10 7
10 16
11 10
11 7
11 4
11 3
11 16
11 14
11 8
12 15
12 6
12 13
13 15
13 6
13 8
13 12
13 9
14 11
14 3
14 16
14 15
14 4
14 2
14 5
14 10
15 3
15 14
15 13
15 12
15 8
15 9
15 16
16 11
16 3
16 14
16 15
16 4
16 1
16 5
16 2
16 10
