1 8
1 10
1 12
1 17
1 9
2 10
2 7
2 13
2 12
2 18
2 3
2 4
2 9
3 8
3 10
3 7
3 13
3 18
3 2
3 4
3 11
4 10
4 7
4 13
4 12
4 18
4 2
4 3
4 15
4 17
4 16
5 10
5 15
5 13
5 14
6 7
6 16
6 13
6 12
7 6
7 10
7 13
7 11
7 4
7 3
7 2
7 16
8 17
8 9
8 15
8 16
8 18
8 14
8 3
8 12
8 1
9 8
9 18
9 1
9 2
9 17
9 15
9 14
9 16
10 13
10 7
10 3
10 4
10 2
10 1
10 12
10 5
10 11
11 10
11 7
11 13
11 3
12 8
12 6
12 10
12 1
12 2
12 18
12 4
13 6
13 10
13 5
13 7
13 4
13 3
13 2
13 11
14 8
14 5
14 9
14 17
15 8
15 5
15 18
15 9
15 16
15 4
15 17
16 8
16 6
16 7
16 18
16 9
16 15
16 4
16 17
17 8
17 18
17 1
17 9
17 15
17 4
17 16
17 14
18 8
18 12
18 4
18 17
18 15
18 16
18 2
18 3
18 9
