1 7
1 12
1 5
1 2
1 11
1 3
1 14
1 4
1 10
1 13
1 15
1 17
2 7
2 1
2 3
2 11
2 15
2 12
2 17
2 5
2 14
2 16
2 10
3 7
3 1
3 13
3 14
3 10
3 2
3 11
4 1
4 15
4 12
4 5
4 8
4 9
5 7
5 1
5 13
5 15
5 12
5 14
5 8
5 4
5 2
5 10
6 7
6 13
6 15
6 14
6 10
6 19
7 10
7 6
7 16
7 17
7 3
7 1
7 2
7 5
7 11
7 13
8 5
8 4
9 13
9 15
9 18
9 14
9 16
9 4
9 19
10 7
10 1
10 3
10 11
10 17
10 5
10 16
10 2
10 6
11 7
11 1
11 3
11 2
11 10
11 14
11 12
11 17
11 16
11 19
11 18
12 1
12 13
12 11
12 15
12 5
12 17
12 2
12 4
12 14
13 7
13 1
13 14
13 6
13 19
13 3
13 15
13 5
13 12
13 9
14 1
14 13
14 3
14 11
14 15
14 12
14 5
14 6
14 2
14 9
15 1
15 13
15 9
15 5
15 12
15 17
15 2
15 14
15 6
15 4
16 7
16 11
16 17
16 18
16 19
16 9
16 2
16 10
17 7
17 1
17 11
17 15
17 12
17 16
17 2
17 19
17 18
17 10
18 11
18 17
18 19
18 16
18 9
19 13
19 11
19 17
19 18
19 16
19 9
19 6
