1 17
1 14
1 10
1 11
1 13
1 5
2 15
2 14
2 8
2 10
2 5
2 16
3 8
3 4
4 14
4 8
4 12
4 5
4 11
4 10
4 3
5 15
5 17
5 14
5 8
5 4
5 10
5 12
5 1
5 2
6 14
6 8
6 7
6 10
6 11
6 12
7 14
7 8
7 6
7 10
8 15
8 17
8 9
8 14
8 10
8 6
8 2
8 16
8 13
8 3
8 5
8 7
8 4
9 8
10 15
10 17
10 14
10 8
10 7
10 4
10 13
10 16
10 2
10 1
10 5
10 6
11 15
11 4
11 12
11 6
11 1
11 16
12 4
12 11
12 6
12 5
13 17
13 14
13 8
13 10
13 1
14 15
14 17
14 8
14 10
14 13
14 5
14 16
14 4
14 6
14 7
14 1
14 2
15 16
15 2
15 14
15 8
15 10
15 5
15 11
16 15
16 14
16 8
16 10
16 11
16 2
17 1
17 5
17 13
17 10
17 14
17 8
