1 2
1 5
1 8
1 11
2 15
2 6
2 1
2 11
2 13
2 8
2 5
2 14
3 6
3 12
3 4
3 8
3 11
3 9
3 10
4 15
4 6
4 12
4 14
4 13
4 5
4 7
4 11
4 3
5 6
5 12
5 4
5 2
5 8
5 10
5 9
5 1
6 15
6 4
6 5
6 9
6 12
6 14
6 7
6 2
6 13
6 11
6 8
6 3
7 6
7 12
7 4
7 13
7 11
8 6
8 12
8 2
8 5
8 10
8 9
8 1
8 13
8 3
9 6
9 12
9 5
9 8
9 11
9 3
9 13
9 10
10 12
10 5
10 8
10 3
10 13
10 9
11 6
11 12
11 4
11 2
11 1
11 7
11 3
11 9
12 6
12 9
12 11
12 4
12 13
12 3
12 8
12 10
12 7
12 5
13 6
13 12
13 4
13 2
13 8
13 7
13 10
13 9
14 15
14 6
14 4
14 2
15 14
15 2
15 6
15 4
