1 11
1 14
1 10
1 7
1 2
1 13
1 9
2 3
2 1
2 13
2 7
3 8
3 2
3 7
3 9
3 5
3 6
3 13
4 5
4 7
4 14
4 10
4 15
4 8
4 6
4 17
4 16
5 4
5 3
5 17
5 16
5 6
5 15
5 14
5 10
6 4
6 3
6 7
6 5
6 14
6 10
7 4
7 12
7 3
7 1
7 2
7 11
7 13
7 6
7 10
8 4
8 9
8 3
8 13
9 8
9 3
9 1
10 4
10 12
10 1
10 17
10 11
10 7
10 16
10 5
10 6
10 14
10 15
11 12
11 1
11 17
11 10
11 7
11 14
11 15
11 16
12 11
12 17
12 10
12 7
12 16
12 15
12 14
13 8
13 3
13 1
13 2
13 7
14 4
14 12
14 1
14 11
14 5
14 6
14 10
15 4
15 12
15 17
15 11
15 16
15 5
15 10
16 4
16 12
16 17
16 11
16 15
16 10
16 5
17 4
17 12
17 16
17 5
17 11
17 10
17 15
