1 14
1 12
1 15
1 8
1 16
1 3
1 2
1 9
1 10
2 14
2 3
2 1
2 10
2 9
3 14
3 15
3 8
3 16
3 1
3 9
3 2
3 10
4 15
4 8
4 7
4 11
4 6
4 9
6 14
6 12
6 15
6 8
6 16
6 7
6 11
6 9
6 4
6 19
7 18
7 15
7 19
7 6
7 4
7 11
8 12
8 18
8 15
8 9
8 4
8 19
8 6
8 11
8 3
8 1
9 14
9 15
9 8
9 16
9 3
9 11
9 2
9 1
9 6
9 4
9 10
10 14
10 3
10 2
10 1
10 9
11 14
11 12
11 17
11 15
11 8
11 13
11 16
11 7
11 6
11 4
11 9
12 11
12 17
12 1
12 8
12 13
12 16
12 6
12 15
13 14
13 12
13 18
13 17
13 15
13 16
13 11
13 19
14 15
14 16
14 6
14 11
14 3
14 2
14 13
14 17
14 1
14 9
14 10
15 14
15 12
15 17
15 6
15 11
15 16
15 4
15 7
15 1
15 9
15 3
15 13
15 8
16 14
16 12
16 18
16 17
16 15
16 13
16 1
16 9
16 3
16 11
16 19
16 6
17 14
17 12
17 18
17 16
17 13
17 19
17 11
17 15
18 19
18 13
18 8
18 7
18 16
18 17
19 18
19 17
19 8
19 13
19 16
19 7
19 6
