1 19
1 8
1 5
1 9
1 10
1 6
1 15
1 7
1 13
2 14
2 16
2 17
2 19
2 8
2 5
2 10
2 18
2 6
2 11
3 16
3 4
3 17
3 19
3 8
3 18
3 9
3 10
3 13
3 12
4 16
4 3
4 19
4 18
4 17
4 5
4 11
5 4
5 2
5 1
5 7
5 6
5 11
6 19
6 8
6 2
6 5
6 9
6 10
6 7
6 11
6 1
7 16
7 17
7 19
7 8
7 5
7 18
7 6
7 11
7 15
7 1
7 12
8 17
8 6
8 9
8 10
8 11
8 2
8 7
8 3
8 12
8 18
8 1
9 17
9 19
9 8
9 18
9 3
9 10
9 1
9 11
9 12
9 6
10 14
10 17
10 8
10 2
10 18
10 3
10 9
10 1
10 12
10 6
10 11
11 16
11 4
11 8
11 2
11 5
11 18
11 9
11 10
11 6
11 7
12 17
12 19
12 8
12 3
12 9
12 10
12 7
13 16
13 17
13 3
13 15
13 1
14 10
14 2
15 16
15 19
15 13
15 7
15 1
16 15
16 2
16 4
16 3
16 19
16 7
16 18
16 17
16 13
16 11
17 16
17 4
17 19
17 18
17 3
17 7
17 9
17 2
17 12
17 8
17 10
17 13
18 16
18 4
18 17
18 19
18 8
18 2
18 9
18 3
18 10
18 7
18 11
19 16
19 4
19 17
19 18
19 7
19 3
19 9
19 15
19 2
19 6
19 12
19 1
