1 3
1 13
1 14
1 6
2 3
2 6
2 14
3 2
3 6
3 14
3 1
3 11
3 10
3 13
3 12
3 9
4 11
4 9
4 15
4 10
5 16
5 8
5 12
6 3
6 2
6 11
6 1
6 9
6 10
6 13
6 12
7 12
7 8
7 16
8 11
8 5
8 10
8 13
8 12
8 7
8 16
9 3
9 4
9 14
9 10
9 6
9 15
10 3
10 11
10 9
10 4
10 6
10 12
10 13
10 16
10 8
10 15
11 3
11 10
11 13
11 12
11 6
11 4
11 15
11 8
11 16
12 3
12 11
12 5
12 6
12 10
12 13
12 8
12 16
12 7
12 15
13 3
13 11
13 1
13 14
13 6
13 10
13 12
13 8
13 16
13 15
14 3
14 2
14 1
14 9
14 13
14 15
15 11
15 9
15 4
15 14
15 10
15 13
15 12
16 11
16 5
16 10
16 13
16 12
16 7
16 8
