1 12
1 9
1 5
1 14
1 4
1 13
1 15
1 3
1 2
1 16
1 10
2 9
2 11
2 7
2 6
2 15
2 1
2 16
2 10
2 3
3 11
3 7
3 6
3 15
3 1
3 16
3 2
4 12
4 8
4 9
4 11
4 17
4 5
4 6
4 13
4 10
4 1
5 12
5 9
5 11
5 6
5 15
5 1
5 4
5 10
6 12
6 8
6 9
6 7
6 17
6 5
6 15
6 2
6 3
6 4
7 8
7 9
7 11
7 10
7 13
7 6
7 15
7 3
7 2
8 13
8 7
8 14
8 6
8 15
8 4
9 12
9 10
9 11
9 5
9 4
9 1
9 7
9 2
9 6
10 12
10 9
10 11
10 7
10 5
10 14
10 4
10 13
10 1
10 2
11 12
11 9
11 2
11 10
11 4
11 3
11 5
11 7
12 5
12 9
12 6
12 1
12 4
12 10
12 11
13 8
13 7
13 14
13 4
13 1
13 10
14 8
14 13
14 10
14 1
15 8
15 7
15 17
15 5
15 6
15 2
15 3
15 1
16 1
16 3
16 2
17 6
17 15
17 4
