1 12
1 13
1 8
1 2
1 16
1 7
1 5
2 12
2 13
2 8
2 11
2 14
2 10
2 1
2 5
2 16
3 4
3 11
3 10
3 6
3 16
4 3
4 7
4 11
4 6
4 10
4 8
4 9
5 14
5 2
5 7
5 1
6 4
6 13
6 8
6 15
6 11
6 14
6 10
6 3
6 16
7 4
7 12
7 13
7 14
7 5
7 1
8 4
8 12
8 13
8 9
8 6
8 2
8 1
8 14
9 4
9 13
9 8
10 4
10 12
10 11
10 3
10 6
10 16
10 2
11 4
11 12
11 13
11 10
11 2
11 3
11 6
11 16
11 14
12 13
12 14
12 2
12 8
12 7
12 16
12 11
12 10
12 1
13 12
13 14
13 8
13 2
13 1
13 7
13 16
13 6
13 9
13 11
14 12
14 13
14 8
14 11
14 16
14 7
14 6
14 5
14 2
15 6
16 12
16 13
16 11
16 14
16 10
16 3
16 6
16 2
16 1
