1 17
1 11
1 2
1 7
1 9
1 8
1 16
1 15
1 13
2 17
2 11
2 3
2 5
2 1
2 4
2 13
2 8
2 15
3 6
3 12
3 11
3 7
3 2
3 8
3 9
3 16
3 5
3 13
4 12
4 10
4 18
4 5
4 2
4 14
4 9
4 16
4 15
5 12
5 10
5 18
5 3
5 16
5 4
5 15
5 2
5 14
5 9
6 13
6 17
6 7
6 3
6 18
7 6
7 17
7 12
7 11
7 18
7 3
7 1
7 13
7 9
7 14
7 8
8 17
8 12
8 11
8 18
8 3
8 1
8 2
8 13
8 9
8 14
8 7
9 17
9 18
9 3
9 5
9 1
9 4
9 13
9 8
9 14
9 7
10 4
10 16
10 15
10 5
10 14
11 17
11 12
11 13
11 1
11 2
11 3
11 7
11 8
11 15
12 17
12 13
12 11
12 3
12 7
12 5
12 4
12 15
12 8
13 6
13 17
13 12
13 11
13 3
13 1
13 2
13 7
13 15
13 9
13 8
13 14
14 17
14 10
14 18
14 5
14 4
14 13
14 9
14 8
14 7
15 12
15 11
15 10
15 5
15 1
15 2
15 4
15 13
15 16
16 10
16 3
16 5
16 1
16 4
16 15
17 6
17 13
17 1
17 2
17 11
17 12
17 14
17 9
17 8
17 7
18 6
18 14
18 9
18 4
18 5
18 8
18 7
