1 6
1 12
1 16
1 15
2 8
2 14
2 16
2 4
2 3
2 10
2 15
2 7
3 8
3 14
3 16
3 4
3 2
3 7
3 10
4 14
4 7
4 3
4 10
4 2
5 7
5 13
5 11
6 14
6 12
6 15
6 1
6 7
6 11
6 16
7 14
7 6
7 12
7 4
7 2
7 3
7 10
7 5
8 14
8 16
8 3
8 2
8 9
8 11
8 15
9 8
9 11
9 13
10 16
10 4
10 2
10 3
10 7
10 15
11 8
11 14
11 6
11 12
11 16
11 5
11 15
11 9
12 14
12 6
12 7
12 11
12 16
12 15
12 1
13 5
13 9
14 8
14 16
14 11
14 3
14 7
14 4
14 15
14 12
14 6
14 2
15 8
15 14
15 6
15 12
15 16
15 2
15 1
15 10
15 11
16 8
16 14
16 6
16 12
16 15
16 11
16 3
16 2
16 1
16 10
