1 19
1 8
1 14
1 12
1 15
1 11
1 13
1 10
2 3
2 14
2 13
2 12
2 6
2 5
2 16
2 17
2 15
3 2
3 16
3 18
3 14
3 15
3 12
3 7
3 8
4 5
4 16
4 15
4 11
4 18
4 6
4 9
4 14
5 4
5 2
5 12
5 18
5 15
5 16
5 11
5 17
5 6
5 10
5 9
6 4
6 2
6 14
6 12
6 18
6 11
6 17
6 5
6 10
6 13
7 3
7 19
7 8
7 16
7 15
7 14
7 13
7 12
7 9
7 18
8 3
8 19
8 7
8 16
8 1
8 9
8 18
8 15
9 19
9 7
9 8
9 4
9 14
9 12
9 18
9 15
9 17
9 13
9 5
10 18
10 6
10 5
10 1
11 4
11 14
11 12
11 18
11 6
11 17
11 1
11 5
11 13
12 3
12 19
12 7
12 2
12 14
12 13
12 5
12 6
12 17
12 11
12 9
12 1
13 19
13 7
13 2
13 14
13 12
13 11
13 17
13 6
13 1
13 9
14 3
14 19
14 7
14 4
14 2
14 13
14 12
14 6
14 17
14 11
14 9
14 1
15 3
15 7
15 8
15 4
15 2
15 16
15 1
15 9
15 5
16 3
16 7
16 8
16 4
16 2
16 18
16 15
16 5
17 19
17 2
17 14
17 12
17 18
17 11
17 6
17 13
17 5
17 9
18 3
18 19
18 7
18 8
18 4
18 16
18 11
18 6
18 17
18 5
18 9
18 10
19 9
19 14
19 13
19 12
19 18
19 8
19 7
19 17
19 1
