1 15
1 16
1 13
1 2
1 6
1 3
1 12
1 11
1 18
2 15
2 3
2 8
2 1
2 9
2 10
3 15
3 16
3 13
3 2
3 6
3 1
3 9
3 8
3 12
3 11
3 10
4 17
4 6
4 9
4 8
4 10
4 18
5 13
5 6
5 14
5 7
5 11
6 17
6 4
6 9
6 8
6 5
6 18
6 1
6 3
7 13
7 14
7 12
7 11
7 10
7 5
8 15
8 16
8 17
8 2
8 4
8 6
8 3
8 10
8 18
8 9
9 15
9 16
9 17
9 2
9 4
9 6
9 3
9 10
9 18
9 8
10 17
10 13
10 2
10 4
10 14
10 3
10 12
10 7
10 11
10 18
10 9
10 8
11 13
11 14
11 1
11 3
11 12
11 7
11 10
11 5
12 13
12 14
12 1
12 3
12 11
12 10
12 7
13 12
13 11
13 7
13 5
13 10
13 14
13 1
13 3
14 16
14 13
14 7
14 11
14 5
14 12
14 10
15 16
15 8
15 9
15 3
15 1
15 2
16 15
16 8
16 9
16 14
16 3
16 1
17 18
17 6
17 4
17 10
17 9
17 8
18 17
18 4
18 6
18 1
18 10
18 9
18 8
