1 2
1 4
1 8
1 13
1 17
2 1
2 17
2 8
2 4
2 14
2 15
2 18
3 5
3 10
3 4
3 6
3 12
3 16
3 13
3 18
4 5
4 2
4 12
4 7
4 18
4 15
4 3
4 1
4 6
4 16
5 6
5 7
5 4
5 13
5 16
5 3
5 18
5 12
5 10
5 8
5 17
6 5
6 10
6 4
6 16
6 3
6 7
6 13
6 18
6 12
6 17
6 8
7 5
7 4
7 6
7 12
7 8
7 13
7 17
8 5
8 10
8 2
8 9
8 11
8 6
8 7
8 17
8 16
8 1
9 10
9 11
9 12
9 18
9 17
9 8
10 5
10 9
10 12
10 11
10 18
10 3
10 17
10 8
10 6
11 10
11 9
11 13
11 12
11 18
11 17
11 8
12 5
12 10
12 9
12 11
12 4
12 6
12 18
12 3
12 7
12 13
13 5
13 11
13 6
13 12
13 3
13 7
13 15
13 17
13 16
13 1
14 2
14 15
15 2
15 4
15 13
15 17
15 14
15 18
16 5
16 4
16 6
16 3
16 8
16 13
16 17
17 5
17 10
17 2
17 9
17 11
17 6
17 7
17 8
17 13
17 16
17 1
17 15
18 5
18 10
18 2
18 9
18 11
18 4
18 6
18 12
18 3
18 15
