1 9
1 17
1 10
1 4
1 6
1 15
1 3
1 2
1 11
1 12
2 9
2 16
2 13
2 4
2 5
2 15
2 1
2 14
3 9
3 7
3 17
3 1
4 16
4 13
4 15
4 2
4 5
4 12
4 14
4 1
5 4
5 6
5 12
5 15
5 2
6 9
6 16
6 13
6 5
6 11
6 1
6 14
6 12
6 15
7 9
7 17
7 3
7 10
8 9
8 10
9 1
9 10
9 17
9 3
9 11
9 12
9 14
9 2
9 7
9 8
9 6
10 9
10 7
10 17
10 8
10 14
10 1
11 9
11 16
11 13
11 6
11 15
11 1
11 14
11 12
12 9
12 17
12 16
12 13
12 4
12 5
12 6
12 1
12 11
13 16
13 11
13 6
13 15
13 14
13 12
13 4
13 2
14 9
14 10
14 16
14 13
14 4
14 6
14 15
14 2
14 11
15 16
15 13
15 4
15 5
15 6
15 2
15 14
15 1
15 11
16 13
16 15
16 14
16 11
16 12
16 6
16 4
16 2
17 9
17 7
17 1
17 10
17 3
17 12
