1 14
1 4
1 2
1 3
1 5
1 6
1 13
2 4
2 1
2 6
2 15
2 3
2 13
3 4
3 1
3 6
3 2
3 13
4 14
4 1
4 2
4 3
4 9
4 15
4 5
4 6
5 11
5 10
5 4
5 1
5 9
5 6
5 12
5 7
5 8
5 13
6 11
6 10
6 4
6 1
6 9
6 5
6 7
6 13
6 12
6 2
6 3
6 8
7 14
7 6
7 5
7 8
7 15
8 14
8 10
8 9
8 6
8 5
8 7
8 12
9 10
9 4
9 15
9 8
9 6
9 12
9 5
9 13
10 11
10 5
10 12
10 15
10 9
10 6
10 8
10 13
11 5
11 10
11 12
11 6
12 11
12 10
12 9
12 6
12 5
12 8
12 13
13 10
13 1
13 9
13 6
13 5
13 2
13 12
13 3
14 4
14 1
14 15
14 8
14 7
15 14
15 10
15 4
15 9
15 7
15 2
