1 16
1 17
1 12
1 11
1 5
2 8
2 6
2 10
2 4
2 13
2 3
3 7
3 8
3 6
3 16
3 14
3 5
3 12
3 2
3 9
3 17
4 5
4 2
4 12
5 8
5 6
5 1
5 10
5 13
5 12
5 15
5 3
5 9
5 4
6 8
6 5
6 13
6 2
6 12
6 3
6 9
6 11
6 10
7 8
7 9
7 17
7 12
7 10
7 3
8 7
8 9
8 3
8 12
8 6
8 5
8 2
8 17
9 7
9 8
9 6
9 16
9 5
9 12
9 3
9 17
10 7
10 6
10 2
10 5
10 11
11 6
11 16
11 1
11 10
11 13
11 17
12 7
12 8
12 6
12 14
12 1
12 5
12 4
12 15
12 9
12 3
13 6
13 5
13 2
13 11
14 3
14 12
15 5
15 12
16 11
16 17
16 9
16 3
16 1
17 7
17 8
17 16
17 1
17 11
17 9
17 3
