1 11
1 5
1 4
1 3
1 8
1 2
1 15
1 14
1 7
1 6
2 11
2 5
2 8
2 1
2 6
2 7
2 14
3 11
3 5
3 4
3 16
3 14
3 15
3 8
3 1
3 9
4 11
4 5
4 3
4 10
4 8
4 1
5 11
5 4
5 3
5 1
5 15
5 14
5 8
5 2
6 11
6 8
6 16
6 2
6 10
6 7
6 1
7 2
7 6
7 1
7 9
8 5
8 4
8 12
8 13
8 3
8 6
8 9
8 15
8 14
8 2
8 1
9 17
9 3
9 8
9 16
9 7
10 11
10 4
10 12
10 13
10 6
11 10
11 1
11 2
11 6
11 4
11 5
11 3
11 13
12 13
12 10
12 15
12 14
12 8
13 11
13 12
13 10
13 8
14 5
14 12
14 3
14 8
14 2
14 15
14 1
15 5
15 12
15 3
15 8
15 16
15 14
15 1
16 17
16 3
16 9
16 6
16 15
17 16
17 9
