1 11
1 8
1 9
1 6
1 10
2 17
2 6
2 3
2 11
2 15
2 5
2 12
2 4
2 10
3 17
3 6
3 2
3 4
3 5
3 12
3 15
4 17
4 6
4 3
4 15
4 5
4 12
4 2
5 17
5 3
5 11
5 8
5 12
5 2
5 10
5 4
6 1
6 9
6 17
6 15
6 3
6 4
6 2
6 11
6 8
6 10
7 15
7 16
7 12
8 13
8 1
8 9
8 6
8 11
8 14
8 10
8 15
8 5
9 13
9 1
9 8
9 14
9 10
9 11
9 6
9 15
9 12
10 1
10 9
10 17
10 6
10 11
10 8
10 15
10 5
10 12
10 14
10 2
11 1
11 9
11 17
11 6
11 10
11 15
11 14
11 5
11 12
11 2
11 8
12 7
12 13
12 9
12 17
12 3
12 11
12 5
12 2
12 10
12 4
13 9
13 12
13 8
14 9
14 17
14 11
14 8
14 10
15 7
15 9
15 17
15 6
15 3
15 11
15 8
15 10
15 4
15 2
16 7
16 17
17 16
17 4
17 15
17 6
17 3
17 2
17 5
17 12
17 10
17 11
17 14
