1 15
1 11
1 2
1 7
1 10
1 12
1 4
2 15
2 1
2 11
2 13
2 16
2 12
2 7
2 14
2 4
2 8
3 6
3 15
3 13
3 4
3 9
3 14
4 6
4 15
4 17
4 1
4 2
4 12
4 3
4 18
4 5
5 15
5 4
5 7
5 14
5 8
6 15
6 11
6 10
6 4
6 3
7 17
7 1
7 11
7 13
7 16
7 2
7 10
7 5
8 2
8 12
8 5
8 18
9 16
9 12
9 3
9 14
10 6
10 17
10 1
10 11
10 13
10 16
10 7
10 14
10 18
11 6
11 17
11 1
11 10
11 7
11 2
11 16
11 13
12 15
12 1
12 13
12 16
12 2
12 9
12 4
12 14
12 8
13 17
13 11
13 10
13 16
13 14
13 3
13 18
13 2
13 12
13 7
14 15
14 17
14 13
14 16
14 2
14 12
14 5
14 9
14 3
14 10
15 6
15 4
15 5
15 12
15 2
15 1
15 18
15 17
15 14
15 3
16 17
16 11
16 13
16 10
16 9
16 7
16 2
16 12
16 18
16 14
17 15
17 18
17 13
17 10
17 16
17 14
17 11
17 7
17 4
18 15
18 17
18 13
18 16
18 4
18 8
18 10
