1 2
1 10
1 15
1 4
1 3
1 5
1 17
1 12
1 14
1 7
2 1
2 17
2 12
2 14
2 5
2 10
2 7
2 13
2 15
3 16
3 15
3 1
3 11
3 4
3 13
3 14
3 17
3 18
4 16
4 1
4 11
4 7
4 3
4 6
5 2
5 10
5 9
5 1
5 7
5 8
5 14
5 12
5 17
6 10
6 9
6 7
6 8
6 17
6 4
7 2
7 16
7 10
7 1
7 6
7 5
7 4
8 16
8 15
8 9
8 13
8 12
8 14
8 6
8 5
9 16
9 8
9 13
9 6
9 5
10 2
10 16
10 7
10 6
10 17
10 15
10 5
10 1
11 15
11 3
11 4
11 18
11 13
11 14
11 17
12 2
12 16
12 15
12 1
12 8
12 5
12 13
12 14
13 2
13 15
13 9
13 11
13 3
13 8
13 14
13 12
13 17
14 2
14 16
14 15
14 1
14 11
14 3
14 8
14 5
14 13
14 12
14 17
15 2
15 10
15 13
15 14
15 1
15 8
15 3
15 11
15 17
15 12
16 12
16 14
16 4
16 3
16 10
16 7
16 9
16 8
17 2
17 10
17 15
17 1
17 11
17 3
17 5
17 13
17 14
17 6
18 11
18 3
