1 15
1 4
1 6
1 12
1 16
1 17
1 18
1 8
1 11
2 5
2 15
2 6
2 16
2 13
2 10
2 9
3 5
3 15
3 4
3 16
3 7
3 13
4 5
4 6
4 8
4 7
4 16
4 3
4 1
4 9
4 10
5 13
5 6
5 7
5 15
5 2
5 3
5 4
5 8
5 17
6 5
6 15
6 4
6 8
6 1
6 7
6 2
6 10
6 9
6 17
6 13
7 5
7 4
7 6
7 12
7 8
7 18
7 3
8 5
8 4
8 6
8 12
8 7
8 18
8 10
8 9
8 1
9 15
9 4
9 6
9 17
9 14
9 10
9 2
9 8
10 15
10 4
10 6
10 17
10 14
10 9
10 8
10 2
11 15
11 12
11 16
11 17
11 14
11 18
11 1
12 15
12 18
12 11
12 7
12 8
12 17
12 13
12 14
12 1
12 16
13 5
13 15
13 6
13 12
13 2
13 18
13 3
14 12
14 10
14 9
14 11
15 5
15 16
15 2
15 6
15 18
15 12
15 9
15 10
15 3
15 13
15 11
15 1
16 15
16 4
16 12
16 3
16 11
16 1
16 2
16 18
17 5
17 6
17 12
17 18
17 11
17 1
17 10
17 9
18 15
18 12
18 16
18 7
18 13
18 17
18 11
18 1
18 8
