1 15
1 17
1 16
1 7
1 2
1 13
2 15
2 1
2 13
2 9
2 7
2 14
3 4
3 10
3 8
3 13
3 6
3 9
3 5
3 12
3 11
4 5
4 9
4 3
4 10
4 12
4 13
4 6
5 4
5 10
5 15
5 8
5 13
5 6
5 9
5 3
5 16
5 12
6 4
6 15
6 8
6 13
6 16
6 5
6 17
6 14
6 3
6 9
7 15
7 1
7 13
7 9
7 2
8 3
8 11
8 17
8 6
8 5
9 4
9 10
9 13
9 6
9 3
9 5
9 12
9 2
9 7
9 11
10 4
10 17
10 16
10 15
10 3
10 9
10 5
10 11
11 10
11 15
11 8
11 13
11 9
11 3
11 16
11 17
11 14
12 4
12 15
12 13
12 9
12 3
12 5
13 4
13 15
13 1
13 12
13 2
13 7
13 3
13 9
13 5
13 11
13 6
14 6
14 2
14 11
14 16
15 10
15 13
15 11
15 6
15 16
15 7
15 1
15 12
15 5
15 2
16 10
16 15
16 1
16 6
16 5
16 11
16 17
16 14
17 10
17 8
17 1
17 6
17 11
17 16
