1 9
1 8
1 10
1 3
1 5
1 4
1 13
1 2
1 11
2 9
2 15
2 16
2 1
2 6
2 10
2 7
2 11
3 1
3 5
3 4
3 11
3 6
3 13
4 14
4 1
4 3
4 5
5 1
5 3
5 6
5 4
6 9
6 3
6 10
6 5
6 8
6 2
7 9
7 15
7 16
7 10
7 8
7 2
7 13
8 9
8 15
8 16
8 1
8 6
8 10
8 7
8 13
8 11
9 15
9 10
9 7
9 8
9 16
9 1
9 2
9 6
9 13
9 11
10 9
10 15
10 16
10 1
10 6
10 8
10 7
10 2
10 13
10 11
11 9
11 16
11 1
11 3
11 10
11 2
11 8
12 15
12 14
13 9
13 1
13 3
13 10
13 7
13 8
14 15
14 12
14 4
15 9
15 16
15 7
15 10
15 8
15 14
15 12
15 2
16 9
16 15
16 7
16 2
16 10
16 8
16 11
