1 14
1 17
1 2
1 4
2 14
2 1
2 15
2 16
2 4
2 5
3 17
3 8
3 10
3 13
3 4
4 17
4 3
4 2
4 1
5 7
5 17
5 8
5 2
5 9
6 14
6 7
6 17
6 13
6 10
6 15
6 11
6 16
6 12
7 14
7 6
7 17
7 16
7 15
7 11
7 5
8 17
8 9
8 5
8 10
8 3
8 16
9 17
9 8
9 5
9 16
10 14
10 8
10 3
10 13
10 11
10 12
10 6
10 15
11 14
11 7
11 13
11 10
11 15
11 6
11 12
11 16
12 13
12 10
12 15
12 6
12 11
12 16
13 3
13 12
13 15
13 16
13 11
13 6
13 10
14 10
14 1
14 2
14 15
14 6
14 11
14 7
15 14
15 7
15 13
15 10
15 2
15 6
15 11
15 16
15 12
16 7
16 8
16 13
16 2
16 15
16 6
16 9
16 11
16 12
17 7
17 6
17 4
17 3
17 1
17 5
17 8
17 9
