1 8
1 2
1 18
1 10
1 19
1 17
1 7
2 1
2 9
2 10
2 18
2 6
3 4
3 5
3 8
3 19
3 16
3 11
3 7
3 13
4 5
4 3
4 13
4 16
4 6
4 19
4 11
5 4
5 3
5 13
5 16
5 19
5 11
5 12
5 9
5 10
5 14
5 15
6 4
6 8
6 10
6 2
6 7
6 12
7 8
7 1
7 9
7 10
7 19
7 11
7 18
7 6
7 3
8 7
8 3
8 11
8 6
8 18
8 1
8 17
8 19
8 9
8 13
8 12
9 5
9 8
9 10
9 7
9 13
9 16
9 11
9 2
9 19
10 5
10 1
10 9
10 2
10 6
10 19
10 7
10 13
10 16
11 4
11 5
11 8
11 9
11 17
11 16
11 3
11 14
11 7
11 13
12 5
12 8
12 17
12 19
12 16
12 13
12 6
12 14
12 18
13 4
13 5
13 8
13 15
13 9
13 10
13 19
13 16
13 11
13 12
13 3
13 14
14 5
14 17
14 19
14 16
14 11
14 13
14 12
14 18
15 5
15 16
15 19
15 13
16 4
16 5
16 15
16 9
16 10
16 19
16 13
16 11
16 12
16 14
16 3
17 8
17 1
17 19
17 14
17 18
17 11
17 12
18 8
18 1
18 17
18 19
18 2
18 7
18 12
18 14
19 4
19 5
19 8
19 1
19 15
19 9
19 10
19 17
19 18
19 14
19 16
19 12
19 13
19 3
19 7
