1 11
1 18
1 14
1 15
1 9
1 2
1 17
1 16
2 1
2 6
2 17
2 12
2 3
2 13
3 4
3 15
3 14
3 17
3 18
3 12
3 13
3 2
3 16
4 7
4 8
4 9
4 17
4 13
4 3
4 15
4 14
4 6
4 16
4 5
5 4
5 14
5 9
5 16
5 6
5 13
5 18
5 17
6 7
6 4
6 8
6 9
6 5
6 2
6 12
7 6
7 9
7 10
7 8
7 4
8 7
8 4
8 9
8 14
8 13
8 15
8 10
8 6
9 1
9 7
9 4
9 8
9 15
9 14
9 13
9 6
9 5
9 16
9 11
9 18
10 7
10 8
10 14
10 12
11 1
11 15
11 9
11 17
11 18
11 16
12 6
12 17
12 2
12 13
12 3
12 10
13 4
13 8
13 14
13 9
13 5
13 17
13 18
13 12
13 3
13 16
13 2
14 1
14 4
14 8
14 15
14 13
14 9
14 10
14 16
14 5
14 17
14 3
15 1
15 4
15 8
15 14
15 16
15 18
15 17
15 9
15 11
15 3
16 1
16 4
16 15
16 14
16 9
16 5
16 17
16 18
16 11
16 3
16 13
17 1
17 4
17 15
17 14
17 5
17 18
17 13
17 16
17 3
17 11
17 12
17 2
18 1
18 15
18 9
18 5
18 17
18 16
18 11
18 13
18 3
