1 6
1 5
1 7
1 8
1 9
1 4
1 10
1 11
2 12
2 3
2 16
3 12
3 2
3 10
3 11
3 16
3 9
3 8
4 12
4 1
4 8
4 5
4 16
4 15
4 14
4 7
5 12
5 6
5 1
5 10
5 8
5 9
5 7
5 4
5 11
5 15
6 16
6 7
6 10
6 8
6 9
6 5
6 1
7 6
7 1
7 10
7 8
7 9
7 5
7 11
7 4
7 16
8 6
8 1
8 3
8 9
8 15
8 16
8 5
8 7
8 14
8 4
9 6
9 1
9 3
9 10
9 8
9 15
9 16
9 5
9 7
9 11
10 6
10 1
10 3
10 11
10 7
10 5
10 13
10 9
11 1
11 3
11 10
11 9
11 5
11 7
11 13
12 13
12 5
12 4
12 2
12 3
13 12
13 10
13 11
14 8
14 4
14 15
15 8
15 9
15 5
15 4
15 14
16 6
16 3
16 8
16 9
16 2
16 4
16 7
