1 17
1 9
1 6
1 15
1 16
1 10
2 12
2 4
2 3
2 11
2 7
2 8
2 6
3 12
3 13
3 4
3 2
3 11
3 9
3 10
3 7
4 14
4 2
4 8
4 6
4 7
4 3
5 14
5 12
5 17
5 13
5 11
5 16
6 17
6 1
6 13
6 4
6 2
6 16
6 15
6 9
6 8
6 10
6 7
7 4
7 2
7 15
7 8
7 6
7 3
8 17
8 4
8 2
8 16
8 15
8 7
8 6
9 12
9 17
9 1
9 16
9 15
9 10
9 6
9 3
10 12
10 1
10 13
10 9
10 3
10 6
11 14
11 12
11 17
11 13
11 2
11 3
11 5
12 11
12 3
12 13
12 17
12 5
12 10
12 9
12 2
13 14
13 12
13 17
13 5
13 16
13 10
13 3
13 6
13 11
14 4
14 5
14 11
14 13
15 17
15 1
15 16
15 8
15 7
15 6
15 9
16 17
16 1
16 13
16 8
16 15
16 9
16 6
16 5
17 12
17 13
17 5
17 16
17 6
17 1
17 9
17 8
17 15
17 11
