1 15
1 16
1 12
1 11
1 14
2 3
2 4
2 8
2 9
2 17
2 16
2 7
2 5
2 12
2 11
2 6
3 2
3 4
3 5
3 17
3 16
3 18
4 2
4 5
4 6
4 8
4 9
4 7
4 12
4 11
4 17
4 3
5 2
5 4
5 6
5 9
5 8
5 3
6 2
6 4
6 5
6 14
6 8
6 15
6 10
6 9
7 2
7 4
7 14
7 8
7 11
7 12
7 17
7 13
7 18
8 2
8 4
8 5
8 14
8 9
8 18
8 15
8 7
8 6
8 16
9 2
9 4
9 5
9 14
9 8
9 15
9 10
9 16
9 6
9 18
10 16
10 9
10 6
11 2
11 4
11 1
11 14
11 12
11 16
11 7
11 15
11 18
12 2
12 4
12 1
12 14
12 11
12 15
12 7
12 13
12 16
13 14
13 15
13 12
13 17
13 7
14 1
14 15
14 17
14 13
14 12
14 11
14 6
14 9
14 18
14 8
14 7
15 1
15 14
15 8
15 11
15 12
15 6
15 9
15 18
15 17
15 13
16 2
16 1
16 8
16 11
16 3
16 12
16 10
16 9
17 2
17 4
17 14
17 3
17 15
17 13
17 7
18 14
18 8
18 11
18 3
18 15
18 9
18 7
