1 8
1 16
1 2
1 14
1 15
1 10
1 17
2 9
2 8
2 16
2 1
2 10
2 17
3 9
3 4
3 6
3 15
3 11
3 5
3 14
4 9
4 3
4 5
4 14
4 11
4 6
4 16
4 15
5 9
5 4
5 6
5 15
5 11
5 3
5 14
5 17
6 9
6 4
6 7
6 13
6 5
6 3
6 10
7 9
7 6
8 9
8 16
8 17
8 15
8 10
8 13
8 2
8 1
9 10
9 6
9 16
9 8
9 17
9 13
9 2
9 7
9 4
9 5
9 3
10 9
10 6
10 8
10 16
10 1
10 2
10 17
11 4
11 16
11 15
11 14
11 3
11 5
12 13
13 9
13 6
13 8
13 16
13 15
13 12
13 17
14 4
14 16
14 1
14 15
14 11
14 3
14 5
15 4
15 8
15 16
15 1
15 5
15 3
15 14
15 17
15 13
15 11
16 9
16 4
16 8
16 17
16 15
16 10
16 1
16 2
16 14
16 11
16 13
17 9
17 8
17 16
17 1
17 15
17 13
17 5
17 2
17 10
