1 7
1 13
1 18
1 11
1 4
1 2
1 5
2 7
2 12
2 13
2 18
2 14
2 1
2 15
3 9
3 4
3 17
3 14
3 16
3 15
3 10
3 5
4 12
4 8
4 13
4 9
4 5
4 15
4 3
4 1
5 12
5 13
5 11
5 4
5 14
5 15
5 1
5 3
6 7
6 13
6 11
6 16
7 13
7 6
7 10
7 16
7 2
7 1
7 15
7 14
7 12
8 12
8 9
8 18
8 13
8 4
9 8
9 11
9 10
9 4
9 3
9 14
9 15
9 17
10 7
10 13
10 18
10 9
10 17
10 3
11 12
11 9
11 6
11 1
11 16
11 5
12 7
12 13
12 5
12 2
12 14
12 4
12 15
12 8
12 11
13 7
13 12
13 8
13 10
13 2
13 1
13 5
13 16
13 6
13 15
13 14
13 4
14 7
14 12
14 13
14 9
14 15
14 2
14 16
14 3
14 5
15 7
15 12
15 13
15 9
15 4
15 14
15 2
15 16
15 3
15 5
16 7
16 13
16 11
16 14
16 15
16 3
16 6
17 18
17 9
17 10
17 3
18 8
18 10
18 17
18 1
18 2
