1 3
1 2
2 16
2 3
2 1
2 15
3 2
3 1
3 20
3 4
3 14
3 13
3 12
3 17
4 3
4 12
4 20
4 19
4 7
4 17
5 16
5 6
5 18
5 15
5 7
5 9
5 14
5 20
6 5
6 15
6 20
6 17
6 18
6 9
6 14
7 5
7 12
7 15
7 4
7 18
7 14
7 10
7 13
8 10
8 13
9 16
9 5
9 20
9 17
9 18
9 6
10 11
10 12
10 17
10 14
10 8
10 7
10 13
11 16
11 10
11 14
11 15
12 16
12 3
12 19
12 20
12 13
12 14
12 4
12 10
12 17
12 18
12 7
12 15
13 16
13 3
13 12
13 15
13 20
13 19
13 17
13 18
13 14
13 10
13 8
13 7
14 16
14 5
14 11
14 3
14 12
14 15
14 20
14 19
14 17
14 13
14 7
14 6
14 10
15 16
15 5
15 11
15 12
15 2
15 13
15 19
15 6
15 18
15 14
15 7
16 15
16 11
16 2
16 9
16 5
16 18
16 13
16 17
16 14
16 12
17 16
17 3
17 12
17 20
17 19
17 4
17 9
17 6
17 13
17 14
17 10
18 16
18 5
18 12
18 15
18 20
18 19
18 7
18 9
18 13
18 6
19 12
19 15
19 20
19 17
19 18
19 4
19 13
19 14
20 5
20 3
20 12
20 19
20 18
20 4
20 14
20 17
20 9
20 6
20 13
