1 11
1 13
1 16
1 5
2 11
2 14
2 10
2 9
2 12
2 17
3 16
4 8
4 11
4 5
4 17
4 10
4 16
4 13
4 7
5 8
5 11
5 14
5 12
5 4
5 15
5 1
5 16
5 13
5 10
5 17
6 8
6 14
6 9
6 15
6 10
6 7
6 12
6 13
7 8
7 9
7 6
7 4
7 15
7 10
8 4
8 7
8 5
8 9
8 17
8 6
8 15
9 8
9 2
9 7
9 10
9 6
9 15
9 12
10 2
10 9
10 6
10 12
10 4
10 15
10 7
10 5
11 17
11 2
11 5
11 16
11 13
11 1
11 4
12 14
12 2
12 9
12 6
12 15
12 13
12 10
12 5
12 16
13 11
13 14
13 6
13 12
13 4
13 15
13 1
13 16
13 5
14 15
14 12
14 13
14 2
14 6
14 5
14 16
15 8
15 14
15 9
15 6
15 12
15 13
15 7
15 5
15 16
15 10
16 11
16 14
16 3
16 12
16 4
16 15
16 1
16 5
16 13
17 8
17 11
17 2
17 4
17 5
