1 17
1 5
1 16
1 9
1 3
1 15
1 12
1 4
2 3
2 15
2 4
2 7
3 16
3 15
3 4
3 2
3 1
4 11
4 16
4 3
4 15
4 12
4 2
4 14
4 1
5 17
5 11
5 1
5 9
5 14
5 12
5 16
5 15
6 8
6 9
7 9
7 12
7 2
7 14
8 6
8 13
8 10
8 9
9 6
9 8
9 17
9 11
9 5
9 16
9 1
9 15
9 10
9 7
10 8
10 11
10 16
10 13
10 9
10 15
10 14
11 10
11 4
11 13
11 9
11 5
12 17
12 5
12 13
12 14
12 1
12 7
12 4
13 8
13 11
13 16
13 14
13 10
13 15
13 12
14 5
14 13
14 12
14 4
14 10
14 7
15 17
15 5
15 16
15 13
15 9
15 3
15 4
15 2
15 1
15 10
16 17
16 5
16 15
16 1
16 3
16 4
16 9
16 13
16 10
17 1
17 5
17 16
17 15
17 9
17 12
