1 12
1 2
1 15
1 4
1 3
1 9
2 12
2 1
2 15
2 3
2 4
2 9
3 7
3 1
3 15
3 16
3 4
3 13
3 14
3 2
4 7
4 1
4 15
4 16
4 3
4 2
4 14
4 13
5 7
5 16
5 17
5 18
5 6
5 15
6 12
6 7
6 5
6 16
7 12
7 6
7 9
7 3
7 4
7 15
7 16
7 5
8 10
8 17
8 13
8 14
8 18
8 11
9 12
9 7
9 1
9 2
10 11
10 8
10 17
10 13
10 18
10 14
11 10
11 15
11 16
11 17
11 13
11 14
11 8
12 6
12 17
12 18
12 7
12 9
12 2
12 1
13 10
13 15
13 3
13 4
13 17
13 14
13 8
13 18
13 11
14 10
14 15
14 16
14 3
14 4
14 17
14 13
14 11
14 8
15 7
15 1
15 5
15 16
15 4
15 2
15 11
15 14
15 3
15 13
16 7
16 5
16 15
16 4
16 11
16 14
16 6
16 17
16 18
16 3
17 12
17 10
17 5
17 16
17 13
17 8
17 18
17 14
17 11
18 12
18 10
18 5
18 16
18 17
18 13
18 8
