1 10
1 11
1 13
1 14
1 15
1 17
1 16
1 8
2 3
2 9
2 13
2 7
2 6
3 2
3 4
3 12
3 7
3 9
3 16
3 17
3 13
4 3
4 9
4 12
4 8
4 15
5 17
5 16
5 11
5 10
5 13
5 12
5 7
6 2
6 7
7 3
7 5
7 13
7 2
7 6
7 8
8 9
8 13
8 4
8 1
8 7
9 3
9 8
9 2
9 4
9 13
10 5
10 11
10 14
10 1
10 13
10 17
10 16
10 15
11 5
11 10
11 14
11 1
11 12
11 15
12 3
12 5
12 11
12 4
12 17
12 16
13 3
13 9
13 5
13 10
13 14
13 8
13 1
13 16
13 7
13 2
14 10
14 11
14 13
14 1
14 15
14 17
14 16
15 10
15 11
15 4
15 14
15 1
15 17
15 16
16 3
16 5
16 10
16 13
16 14
16 12
16 1
16 15
16 17
17 3
17 5
17 10
17 14
17 12
17 1
17 15
17 16
