1 12
1 8
1 10
1 9
1 11
1 13
1 16
1 3
1 15
1 4
1 5
2 13
2 3
2 15
2 4
2 14
2 5
3 9
3 11
3 13
3 6
3 4
3 2
3 5
3 15
3 14
3 1
4 9
4 11
4 13
4 6
4 3
4 5
4 14
4 2
4 1
5 9
5 11
5 6
5 3
5 4
5 1
5 2
6 7
6 10
6 9
6 11
6 5
6 4
6 3
6 15
7 6
7 14
7 13
8 14
8 10
8 13
8 1
9 10
9 11
9 15
9 3
9 4
9 5
9 6
9 1
10 8
10 11
10 9
10 1
10 6
10 15
10 16
11 10
11 9
11 5
11 4
11 3
11 6
11 15
11 1
12 13
12 16
12 14
12 1
13 12
13 8
13 7
13 16
13 14
13 3
13 2
13 1
13 4
14 12
14 8
14 7
14 13
14 16
14 3
14 4
14 2
15 10
15 9
15 11
15 6
15 3
15 2
15 1
16 12
16 10
16 13
16 1
16 14
