1 3
1 17
1 12
1 11
1 16
1 10
1 2
1 7
1 13
2 6
2 5
2 12
2 1
2 15
2 13
3 18
3 15
3 1
3 12
3 7
4 8
4 9
4 7
4 11
4 13
4 12
5 15
5 13
5 2
5 7
5 12
5 11
5 9
5 8
6 11
6 13
6 12
6 2
6 10
6 18
6 15
7 4
7 3
7 5
7 12
7 1
8 4
8 17
8 5
8 9
8 10
8 16
8 11
8 18
8 15
8 13
9 4
9 17
9 5
9 8
9 11
9 16
9 10
9 15
9 13
10 6
10 17
10 8
10 12
10 16
10 9
10 1
10 15
11 4
11 6
11 17
11 5
11 8
11 12
11 16
11 13
11 1
11 15
11 9
12 4
12 3
12 6
12 17
12 5
12 13
12 11
12 1
12 10
12 15
12 2
12 16
12 7
13 4
13 6
13 17
13 5
13 8
13 12
13 11
13 16
13 9
13 1
13 15
13 2
15 3
15 6
15 5
15 8
15 12
15 11
15 10
15 9
15 13
15 2
16 17
16 8
16 12
16 11
16 13
16 1
16 10
16 9
17 16
17 8
17 9
17 10
17 11
17 13
17 12
17 1
18 3
18 6
18 8
