1 2
1 15
1 10
1 3
1 16
1 7
1 12
1 11
2 4
2 5
2 17
2 1
2 3
2 15
2 7
2 12
2 10
3 8
3 4
3 9
3 5
3 2
3 1
3 16
3 11
4 8
4 9
4 5
4 3
4 11
4 15
4 2
5 8
5 4
5 9
5 3
5 11
5 12
5 10
5 2
5 17
6 17
6 13
6 7
6 12
6 14
7 17
7 13
7 2
7 1
7 10
7 11
7 12
7 6
8 11
8 5
8 12
8 10
8 9
8 4
8 3
8 17
9 8
9 4
9 5
9 3
9 11
9 15
10 8
10 5
10 2
10 1
10 15
10 16
10 12
10 11
10 7
11 8
11 4
11 9
11 5
11 17
11 1
11 15
11 16
11 10
11 12
11 7
11 3
12 8
12 5
12 2
12 1
12 15
12 16
12 10
12 11
12 7
12 6
13 14
13 6
13 7
14 17
14 13
14 15
14 6
15 4
15 9
15 2
15 1
15 10
15 14
15 16
15 12
15 11
16 17
16 1
16 15
16 11
16 12
16 10
16 3
17 8
17 5
17 11
17 14
17 16
17 7
17 6
17 2
