1 7
1 2
1 10
1 9
1 5
1 8
1 17
1 15
1 4
2 7
2 1
2 4
2 8
2 9
2 5
2 15
3 10
3 6
3 13
3 4
3 5
3 11
3 12
4 3
4 1
4 6
4 5
4 16
4 10
4 13
4 2
5 3
5 1
5 4
5 2
5 10
5 6
5 13
5 17
6 3
6 12
6 4
6 10
6 5
6 13
6 11
7 2
7 8
7 1
7 9
7 16
8 7
8 1
8 12
8 2
8 9
8 17
9 7
9 1
9 12
9 2
9 8
9 17
10 3
10 1
10 12
10 4
10 6
10 13
10 15
10 5
10 11
11 3
11 12
11 10
11 6
11 14
11 13
11 15
12 3
12 11
12 13
12 9
12 8
12 14
12 6
12 10
13 3
13 12
13 4
13 10
13 6
13 14
13 11
13 5
14 12
14 11
14 15
14 13
15 1
15 2
15 10
15 14
15 11
16 7
16 4
17 1
17 8
17 9
17 5
