1 2
1 11
1 10
1 12
1 4
1 5
1 17
1 3
1 13
2 3
2 8
2 13
2 16
2 6
2 1
3 2
3 6
3 11
3 1
3 12
3 8
3 13
4 6
4 11
4 1
4 7
4 5
4 16
4 13
4 12
4 10
5 6
5 14
5 11
5 1
5 7
5 4
5 12
5 10
6 2
6 7
6 3
6 10
6 12
6 14
6 4
6 5
7 6
7 11
7 10
7 12
7 13
7 5
7 4
8 2
8 14
8 12
8 9
8 10
8 3
8 17
9 12
9 8
9 10
9 17
10 6
10 11
10 1
10 7
10 4
10 16
10 12
10 8
10 9
10 5
10 13
11 15
11 13
11 4
11 12
11 1
11 3
11 7
11 5
11 10
11 16
12 15
12 6
12 11
12 1
12 7
12 4
12 16
12 13
12 10
12 3
12 5
12 8
12 9
13 15
13 2
13 11
13 1
13 7
13 4
13 12
13 10
13 3
14 15
14 6
14 16
14 5
14 8
15 16
15 14
15 12
15 11
15 13
16 15
16 2
16 14
16 11
16 4
16 12
16 10
17 1
17 8
17 9
