1 2
1 18
1 6
1 3
1 15
2 1
2 6
2 10
2 15
2 3
2 18
2 5
3 2
3 18
3 6
3 1
3 9
3 16
3 7
3 17
3 8
4 12
4 5
4 9
4 16
4 6
4 7
4 8
5 12
5 4
5 2
5 6
5 9
5 16
5 15
5 7
5 8
6 12
6 4
6 2
6 5
6 9
6 16
6 10
6 3
6 1
6 15
7 4
7 18
7 11
7 5
7 9
7 16
7 3
7 17
7 8
8 12
8 4
8 11
8 5
8 9
8 16
8 3
8 7
9 12
9 4
9 11
9 5
9 6
9 7
9 8
9 16
9 3
10 2
10 18
10 13
10 6
11 12
11 8
11 14
11 16
11 9
11 7
12 8
12 11
12 17
12 6
12 5
12 16
12 4
12 9
13 10
13 17
14 11
14 16
15 2
15 18
15 5
15 6
15 1
16 12
16 4
16 11
16 5
16 6
16 14
16 9
16 3
16 7
16 8
17 12
17 18
17 13
17 3
17 7
18 2
18 17
18 7
18 3
18 1
18 10
18 15
