1 19
1 7
1 2
1 3
1 10
1 9
1 8
1 18
1 13
2 7
2 1
2 3
2 10
2 11
2 13
2 6
3 7
3 4
3 1
3 2
3 17
3 10
3 13
3 5
4 7
4 5
4 9
4 12
4 3
4 11
4 8
4 10
4 13
5 4
5 17
5 9
5 12
5 3
6 2
6 17
6 14
6 10
6 11
6 8
7 19
7 1
7 9
7 8
7 18
7 2
7 3
7 12
7 4
7 13
7 17
7 14
7 11
8 7
8 4
8 1
8 17
8 14
8 13
8 11
8 12
8 9
8 6
9 7
9 4
9 1
9 17
9 14
9 10
9 13
9 5
9 11
9 12
9 8
10 4
10 1
10 2
10 11
10 3
10 9
10 12
10 6
11 19
11 7
11 4
11 2
11 14
11 10
11 8
11 6
11 12
11 9
12 7
12 4
12 10
12 15
12 13
12 5
12 11
12 9
12 8
12 18
13 7
13 4
13 1
13 2
13 15
13 12
13 9
13 18
13 8
13 3
14 7
14 11
14 8
14 6
14 9
15 19
15 16
15 18
15 12
15 13
16 19
16 15
16 18
17 7
17 5
17 6
17 8
17 9
17 3
18 19
18 7
18 1
18 16
18 15
18 13
18 12
19 18
19 7
19 1
19 16
19 11
19 15
