1 14
1 18
1 3
1 4
2 4
2 3
2 18
2 11
2 13
2 19
2 16
2 17
2 5
3 2
3 13
3 14
3 1
3 18
3 4
3 5
3 16
3 17
4 2
4 13
4 11
4 1
4 18
4 3
4 5
4 8
4 16
4 17
5 2
5 14
5 9
5 18
5 4
5 8
5 3
5 16
5 15
5 17
5 10
6 11
6 16
6 17
7 13
7 10
7 19
7 8
7 9
8 7
8 14
8 9
8 18
8 4
8 19
8 10
8 5
8 15
9 7
9 14
9 18
9 8
9 5
9 15
9 10
10 7
10 9
10 18
10 8
10 5
10 15
11 12
11 2
11 13
11 4
11 6
12 11
13 2
13 19
13 16
13 7
13 3
13 4
13 14
13 11
13 17
14 13
14 15
14 3
14 1
14 18
14 5
14 9
14 8
15 14
15 9
15 18
15 8
15 5
15 10
16 2
16 13
16 18
16 4
16 6
16 19
16 3
16 17
16 5
17 2
17 13
17 4
17 6
17 19
17 3
17 16
17 5
18 2
18 14
18 1
18 9
18 15
18 5
18 8
18 10
18 4
18 3
18 16
19 2
19 13
19 7
19 16
19 17
19 8
