1 4
1 17
1 5
1 10
1 3
1 11
1 9
2 7
2 12
2 16
3 4
3 6
3 17
3 7
3 5
3 1
3 11
3 13
3 10
3 12
3 15
4 6
4 5
4 3
4 15
4 7
4 11
4 13
4 1
4 10
4 17
5 4
5 6
5 17
5 3
5 13
5 11
5 15
5 1
5 10
5 12
6 4
6 5
6 3
6 13
6 11
6 7
7 4
7 6
7 17
7 3
7 11
7 15
7 14
7 2
8 9
8 11
8 12
8 16
8 10
9 8
9 1
9 10
9 16
9 11
10 4
10 17
10 8
10 5
10 1
10 3
10 9
11 4
11 6
11 17
11 7
11 8
11 5
11 1
11 3
11 9
11 13
11 12
12 17
12 8
12 5
12 3
12 2
12 11
12 13
13 4
13 6
13 17
13 5
13 3
13 11
13 12
14 7
14 15
15 4
15 7
15 5
15 3
15 14
15 16
16 8
16 9
16 2
16 15
17 4
17 11
17 3
17 13
17 12
17 7
17 5
17 1
17 10
