1 8
1 10
1 3
1 2
1 15
1 13
1 11
1 6
2 10
2 1
2 11
2 15
2 16
2 17
2 13
2 6
2 12
3 19
3 5
3 8
3 10
3 15
3 11
3 18
3 9
3 4
3 1
3 14
4 5
4 8
4 3
4 14
4 9
4 17
4 16
4 12
4 13
5 19
5 8
5 4
5 14
5 3
5 16
5 13
5 11
5 18
5 17
6 19
6 10
6 2
6 13
6 9
6 14
6 7
6 1
7 19
7 10
7 17
7 13
7 9
7 11
7 6
8 19
8 5
8 14
8 4
8 3
8 13
8 1
8 12
8 11
8 18
9 19
9 3
9 18
9 4
9 15
9 13
9 7
9 6
9 14
9 16
9 11
10 2
10 13
10 6
10 7
10 1
10 3
11 5
11 8
11 3
11 2
11 15
11 13
11 9
11 16
11 1
11 14
11 7
12 19
12 8
12 18
12 4
12 2
12 17
12 16
13 19
13 5
13 8
13 10
13 4
13 2
13 15
13 14
13 6
13 1
13 9
13 7
13 11
14 19
14 5
14 8
14 3
14 18
14 4
14 15
14 13
14 9
14 11
14 6
15 19
15 3
15 18
15 2
15 11
15 16
15 9
15 14
15 13
15 1
16 19
16 5
16 18
16 4
16 2
16 15
16 9
16 11
16 12
17 5
17 4
17 2
17 12
17 7
18 19
18 5
18 8
18 3
18 14
18 15
18 16
18 12
18 9
19 9
19 18
19 7
19 6
19 13
19 14
19 3
19 12
19 16
19 15
19 5
19 8
