1 9
1 17
1 18
1 16
2 15
2 3
2 4
2 16
2 8
2 11
2 18
2 12
2 17
3 15
3 2
3 4
3 8
3 16
3 18
3 10
4 6
4 15
4 2
4 3
4 16
4 13
4 8
4 5
4 18
4 17
5 7
5 6
5 19
5 15
5 16
5 4
5 17
5 18
6 7
6 5
6 10
6 4
6 15
6 19
7 5
7 17
7 18
7 16
7 6
7 11
8 19
8 2
8 3
8 10
8 14
8 12
8 17
8 4
9 1
9 17
9 18
9 16
9 19
9 10
10 6
10 9
10 15
10 3
10 12
10 14
10 8
11 7
11 2
11 16
11 13
11 17
11 12
12 2
12 10
12 16
12 8
12 14
12 11
13 19
13 15
13 4
13 18
13 11
14 10
14 8
14 18
14 12
15 6
15 4
15 10
15 17
15 2
15 3
15 5
15 13
15 16
15 18
16 1
16 7
16 9
16 15
16 2
16 3
16 18
16 17
16 4
16 12
16 5
16 11
17 1
17 7
17 9
17 15
17 2
17 16
17 8
17 4
17 18
17 5
17 11
18 1
18 7
18 9
18 15
18 2
18 3
18 16
18 13
18 4
18 17
18 5
18 14
19 6
19 9
19 13
19 5
19 8
