1 6
1 17
1 18
1 10
1 11
1 3
1 7
1 5
2 14
2 10
2 3
2 16
2 5
3 9
3 14
3 2
3 16
3 5
3 1
3 8
4 9
4 15
4 14
4 10
5 9
5 14
5 6
5 13
5 18
5 3
5 16
5 2
5 1
5 7
5 8
6 13
6 7
6 5
6 1
6 18
6 17
6 16
7 6
7 13
7 18
7 16
7 1
7 5
8 9
8 14
8 12
8 3
8 16
8 5
9 8
9 14
9 12
9 3
9 16
9 5
9 18
9 17
9 4
10 17
10 18
10 11
10 2
10 16
10 1
10 4
11 17
11 18
11 10
11 16
11 1
12 9
12 15
12 8
13 15
13 6
13 7
13 5
13 17
13 18
14 9
14 5
14 16
14 2
14 3
14 8
14 4
15 4
15 12
15 16
15 13
16 9
16 15
16 14
16 6
16 17
16 10
16 11
16 3
16 5
16 8
16 2
16 7
17 9
17 6
17 13
17 10
17 11
17 18
17 1
17 16
18 9
18 6
18 13
18 17
18 1
18 7
18 5
18 10
18 11
