1 15
1 3
1 2
1 17
1 9
1 7
1 4
1 14
1 13
2 1
2 3
2 7
2 9
2 11
2 4
3 1
3 2
3 9
3 8
3 7
3 11
4 1
4 9
4 2
4 8
5 10
5 15
5 6
5 13
5 7
5 11
5 14
5 12
6 10
6 15
6 7
6 13
6 5
6 14
6 12
6 16
6 9
6 8
7 10
7 6
7 1
7 13
7 3
7 5
7 2
7 12
7 14
8 6
8 13
8 3
8 9
8 17
8 4
8 14
9 6
9 1
9 13
9 3
9 8
9 14
9 4
9 2
9 11
10 7
10 5
10 6
10 14
10 13
10 15
11 15
11 16
11 13
11 3
11 9
11 2
11 17
11 14
11 5
12 6
12 16
12 7
12 5
13 10
13 15
13 6
13 1
13 16
13 14
13 7
13 5
13 17
13 11
13 9
13 8
14 10
14 15
14 6
14 1
14 16
14 13
14 7
14 9
14 11
14 17
14 5
14 8
15 10
15 13
15 17
15 11
15 14
15 16
15 6
15 1
15 5
16 15
16 6
16 17
16 11
16 13
16 14
16 12
17 15
17 1
17 16
17 13
17 11
17 14
17 8
