1 8
1 3
1 2
1 11
1 13
1 14
1 12
1 6
1 9
1 10
1 4
2 8
2 1
2 14
2 12
2 13
2 3
2 6
2 9
2 10
2 4
2 11
3 8
3 1
3 14
3 12
3 13
3 2
3 4
3 11
3 6
3 9
3 10
4 1
4 14
4 3
4 2
4 9
5 16
5 15
5 12
5 6
5 17
6 1
6 16
6 15
6 12
6 13
6 3
6 5
6 2
6 17
7 8
8 7
8 10
8 3
8 2
8 1
8 11
9 1
9 14
9 3
9 2
9 10
9 4
10 8
10 1
10 16
10 14
10 3
10 2
10 9
11 8
11 1
11 16
11 15
11 12
11 13
11 3
11 2
11 17
12 1
12 13
12 6
12 11
12 2
12 3
12 5
13 1
13 16
13 15
13 12
13 11
13 6
13 17
13 3
13 2
14 1
14 16
14 4
14 10
14 2
14 9
14 3
15 16
15 17
15 5
15 13
15 11
15 6
16 15
16 17
16 14
16 5
16 13
16 11
16 10
16 6
17 16
17 15
17 13
17 6
17 5
17 11
