1 7
1 2
1 3
1 4
1 12
1 9
1 5
1 6
1 11
2 7
2 1
2 11
2 6
2 9
2 5
3 1
3 4
3 14
3 9
3 13
3 15
3 16
3 17
4 1
4 12
4 3
4 14
4 8
5 7
5 1
5 2
5 12
5 11
5 16
5 6
6 7
6 1
6 2
6 11
6 16
6 17
6 5
7 5
7 10
7 1
7 6
7 2
7 12
7 11
8 4
8 16
8 14
8 10
8 13
8 15
8 17
9 1
9 2
9 3
9 14
10 7
10 16
10 14
10 13
10 15
10 8
11 7
11 1
11 2
11 6
11 5
11 17
12 7
12 1
12 5
12 4
13 3
13 16
13 14
13 10
13 15
13 8
14 3
14 4
14 16
14 13
14 15
14 17
14 10
14 8
14 9
15 3
15 16
15 14
15 10
15 13
15 8
15 17
16 3
16 15
16 13
16 14
16 8
16 10
16 6
16 5
17 3
17 11
17 14
17 15
17 8
17 6
