1 16
1 11
1 3
1 4
1 8
1 7
1 15
1 10
1 5
1 6
2 16
2 11
2 3
2 4
2 7
2 8
3 16
3 11
3 8
3 2
3 4
3 1
3 12
3 7
3 13
3 6
3 9
4 16
4 11
4 3
4 13
4 1
4 6
4 9
4 10
4 12
4 8
4 2
5 16
5 1
5 9
5 7
5 8
5 6
6 16
6 11
6 3
6 4
6 1
6 9
6 7
6 5
6 10
7 16
7 3
7 1
7 8
7 5
7 2
7 6
8 16
8 11
8 3
8 4
8 1
8 7
8 2
8 5
9 11
9 3
9 4
9 6
9 10
9 14
9 5
9 15
10 11
10 4
10 1
10 9
10 12
10 6
10 14
10 15
10 13
11 16
11 4
11 3
11 2
11 8
11 10
11 9
11 13
11 6
11 1
12 3
12 4
12 13
12 10
12 15
12 14
13 11
13 3
13 4
13 12
13 10
13 15
14 9
14 12
14 10
15 1
15 9
15 12
15 10
15 13
16 1
16 8
16 7
16 3
16 4
16 5
16 6
16 2
16 11
