1 15
1 11
1 8
1 17
1 10
1 18
1 6
1 13
1 12
1 4
1 3
1 5
2 9
2 7
2 15
2 3
2 16
2 12
2 4
3 9
3 1
3 4
3 16
3 2
3 8
3 11
3 18
3 17
4 9
4 1
4 14
4 3
4 16
4 13
4 10
4 11
4 2
4 8
5 9
5 1
5 6
5 12
5 8
5 11
6 1
6 5
6 10
6 11
6 8
6 12
7 9
7 14
7 13
7 18
7 12
7 2
8 15
8 1
8 6
8 3
8 5
8 13
8 10
8 12
8 11
8 17
8 4
9 2
9 5
9 14
9 7
9 4
9 3
9 16
9 13
9 18
9 17
10 1
10 6
10 11
10 8
10 4
11 15
11 1
11 6
11 3
11 5
11 10
11 8
11 4
12 7
12 1
12 14
12 6
12 5
12 13
12 2
12 8
13 9
13 7
13 15
13 1
13 14
13 12
13 8
13 17
13 4
14 9
14 7
14 15
14 13
14 12
14 4
14 17
15 17
15 2
15 18
15 16
15 11
15 1
15 8
15 13
15 14
16 9
16 15
16 3
16 18
16 17
16 2
16 4
17 9
17 15
17 1
17 14
17 3
17 16
17 18
17 13
17 8
18 9
18 7
18 15
18 1
18 3
18 16
18 17
