1 7
1 16
1 8
1 2
1 11
1 15
2 9
2 7
2 16
2 8
2 10
2 1
2 11
3 5
3 4
3 15
3 8
3 13
3 10
3 11
3 9
4 3
4 9
4 5
4 8
4 10
4 12
4 15
4 11
5 3
5 7
5 4
5 15
5 8
6 9
6 14
6 7
6 19
6 10
6 8
6 18
6 11
7 14
7 2
7 1
7 19
7 6
7 10
7 5
7 15
8 3
8 14
8 6
8 5
8 16
8 19
8 4
8 10
8 1
8 2
8 15
8 12
8 17
9 3
9 11
9 10
9 13
9 2
9 15
9 19
9 6
9 14
9 4
10 3
10 9
10 14
10 7
10 6
10 19
10 8
10 11
10 15
10 2
10 18
10 4
11 3
11 9
11 14
11 6
11 19
11 10
11 1
11 2
11 4
11 15
12 13
12 16
12 8
12 17
12 4
13 3
13 9
13 12
13 18
13 15
14 9
14 6
14 19
14 10
14 8
14 7
14 18
14 11
15 3
15 9
15 13
15 7
15 5
15 16
15 8
15 10
15 1
15 4
15 11
16 17
16 15
16 1
16 2
16 19
16 18
16 12
16 8
17 16
17 8
17 12
18 14
18 13
18 6
18 16
18 19
18 10
19 9
19 14
19 7
19 6
19 16
19 18
19 10
19 8
19 11
