1 2
1 15
1 6
2 7
2 1
2 8
2 6
2 15
2 5
3 9
3 7
3 10
3 6
3 8
3 4
4 14
4 6
4 16
4 3
5 9
5 2
5 11
5 13
5 12
5 8
5 15
6 9
6 7
6 2
6 14
6 11
6 3
6 1
6 8
6 4
7 9
7 8
7 2
7 19
7 6
7 17
7 16
7 15
7 18
7 3
7 10
8 9
8 7
8 2
8 17
8 5
8 10
8 15
8 6
8 3
9 10
9 6
9 15
9 5
9 3
9 8
9 7
10 9
10 7
10 3
10 15
10 8
11 14
11 17
11 12
11 6
11 15
11 13
11 5
11 18
11 16
12 14
12 11
12 5
12 13
12 15
13 11
13 5
13 12
14 11
14 18
14 17
14 16
14 15
14 4
14 6
14 12
15 9
15 7
15 2
15 14
15 17
15 11
15 5
15 19
15 18
15 12
15 10
15 16
15 8
15 1
16 7
16 14
16 17
16 11
16 19
16 18
16 15
16 4
17 7
17 14
17 15
17 18
17 16
17 19
17 11
17 8
18 7
18 14
18 17
18 11
18 19
18 16
18 15
19 7
19 17
19 18
19 16
19 15
