1 5
1 9
1 6
2 15
2 7
2 8
2 14
2 13
2 10
2 4
2 3
3 5
3 18
3 15
3 2
3 7
3 4
3 14
3 8
3 6
3 13
4 18
4 15
4 2
4 7
4 3
4 13
4 14
4 8
4 6
5 12
5 1
5 6
5 9
5 3
5 8
5 17
6 12
6 5
6 1
6 7
6 3
6 4
6 8
6 9
6 17
7 18
7 2
7 10
7 8
7 6
7 13
7 4
7 3
7 17
7 16
8 5
8 18
8 2
8 10
8 7
8 3
8 4
8 6
8 16
9 5
9 1
9 6
10 12
10 18
10 11
10 2
10 16
10 8
10 7
10 14
10 17
10 13
11 12
11 18
11 15
11 10
11 16
11 14
11 17
12 17
12 11
12 6
12 5
12 10
12 16
12 18
13 2
13 10
13 7
13 3
13 4
13 16
14 15
14 11
14 2
14 10
14 3
14 4
15 4
15 14
15 11
15 2
15 3
16 12
16 18
16 11
16 10
16 7
16 8
16 17
16 13
17 12
17 5
17 18
17 11
17 10
17 7
17 16
17 6
18 12
18 17
18 16
18 7
18 8
18 11
18 10
18 4
18 3
