1 18
1 12
1 10
1 17
1 16
1 5
1 9
1 15
1 6
2 12
2 10
2 4
2 7
2 14
2 9
2 5
2 13
3 4
3 17
3 15
3 7
3 14
3 13
4 12
4 7
4 13
4 3
4 2
4 6
4 17
5 18
5 12
5 10
5 17
5 16
5 1
5 15
5 6
5 7
5 8
5 11
5 14
5 9
5 13
5 2
6 12
6 10
6 4
6 1
6 7
6 13
6 5
6 9
7 12
7 4
7 6
7 13
7 3
7 5
7 2
8 12
8 10
8 14
8 9
8 5
8 11
9 12
9 10
9 16
9 1
9 6
9 8
9 11
9 14
9 2
9 5
10 12
10 9
10 16
10 1
10 5
10 14
10 8
10 11
10 6
10 2
11 10
11 17
11 8
11 5
11 14
11 9
12 18
12 5
12 13
12 16
12 17
12 8
12 1
12 7
12 6
12 10
12 9
12 4
12 2
12 15
12 14
13 12
13 4
13 6
13 7
13 5
13 3
13 2
14 12
14 10
14 15
14 8
14 11
14 9
14 2
14 3
14 5
15 12
15 17
15 16
15 1
15 3
15 14
15 5
16 18
16 12
16 10
16 17
16 1
16 5
16 9
16 15
17 18
17 12
17 4
17 16
17 15
17 3
17 11
17 5
17 1
18 17
18 16
18 12
18 5
18 1
