1 12
1 11
1 13
1 19
1 9
1 6
1 2
1 18
1 17
2 5
2 12
2 11
2 13
2 19
2 9
2 1
2 18
2 17
3 5
3 12
3 4
3 8
3 11
3 13
3 16
3 6
4 5
4 3
4 16
4 8
4 6
4 17
5 4
5 3
5 16
5 2
5 6
5 8
6 15
6 5
6 3
6 7
6 4
6 8
6 1
6 14
7 14
7 6
7 10
8 5
8 12
8 3
8 11
8 13
8 4
8 6
9 13
9 18
9 2
9 1
9 17
9 16
9 14
10 12
10 11
10 7
10 13
10 14
11 12
11 3
11 13
11 10
11 8
11 1
11 18
11 2
12 15
12 13
12 11
12 10
12 18
12 1
12 2
12 3
12 8
12 19
13 12
13 3
13 11
13 18
13 1
13 2
13 9
13 10
13 19
13 8
14 7
14 9
14 6
14 10
14 17
15 6
15 19
15 12
16 5
16 3
16 19
16 4
16 9
16 17
17 19
17 4
17 9
17 1
17 2
17 16
17 14
18 12
18 11
18 13
18 19
18 9
18 1
18 2
19 15
19 12
19 13
19 18
19 16
19 17
19 2
19 1
