1 11
1 12
1 5
1 2
1 4
2 15
2 11
2 12
2 1
2 17
2 3
2 5
2 9
3 15
3 11
3 12
3 17
3 10
3 4
3 9
3 8
3 2
4 11
4 12
4 1
4 5
4 8
4 3
5 11
5 12
5 1
5 4
5 8
5 2
6 7
6 11
6 12
6 10
6 14
6 13
6 9
6 17
7 6
7 10
8 15
8 11
8 12
8 4
8 3
8 14
8 5
8 9
9 15
9 11
9 12
9 6
9 10
9 3
9 8
9 2
10 7
10 15
10 11
10 12
10 6
10 17
10 9
10 14
10 13
10 3
11 15
11 12
11 9
11 3
11 1
11 5
11 4
11 8
11 10
11 6
11 2
12 15
12 11
12 1
12 5
12 9
12 3
12 4
12 8
12 6
12 10
12 2
13 6
13 17
13 10
13 14
14 6
14 17
14 10
14 8
14 13
15 3
15 11
15 9
15 17
15 2
15 8
15 12
15 10
17 15
17 6
17 14
17 13
17 2
17 3
17 10
