1 9
1 14
1 6
1 12
1 2
1 5
2 11
2 8
2 9
2 4
2 14
2 1
2 3
2 7
2 6
3 11
3 8
3 9
3 4
3 14
3 12
3 13
3 2
3 10
3 7
4 11
4 8
4 9
4 13
4 12
4 7
4 3
4 2
4 5
4 6
4 10
5 4
5 1
6 9
6 4
6 1
6 2
6 15
7 11
7 8
7 4
7 2
7 3
8 11
8 3
8 2
8 9
8 10
8 14
8 4
8 13
8 12
8 7
9 8
9 2
9 1
9 14
9 4
9 6
9 3
10 11
10 8
10 4
10 12
10 3
11 8
11 13
11 12
11 3
11 14
11 7
11 4
11 10
11 16
11 2
12 11
12 8
12 4
12 14
12 1
12 13
12 16
12 10
12 3
13 11
13 8
13 4
13 14
13 12
13 16
13 3
14 11
14 8
14 9
14 3
14 1
14 2
14 13
14 12
15 6
16 11
16 12
16 13
