1 8
1 15
1 12
1 5
1 4
2 12
2 7
2 5
2 6
2 13
2 4
2 14
2 3
2 11
3 8
3 9
3 7
3 6
3 4
3 10
3 2
4 8
4 9
4 15
4 12
4 7
4 5
4 6
4 1
4 10
4 2
4 3
5 15
5 12
5 4
5 1
5 13
5 11
5 2
5 6
6 8
6 12
6 7
6 5
6 2
6 14
6 3
6 13
6 4
6 11
7 8
7 6
7 3
7 2
7 16
7 13
7 4
7 14
8 10
8 9
8 4
8 6
8 7
8 1
8 16
8 11
8 3
9 8
9 10
9 4
9 16
9 3
9 11
10 8
10 9
10 4
10 11
10 3
10 16
11 8
11 9
11 15
11 12
11 5
11 6
11 13
11 14
11 10
11 2
11 16
12 15
12 13
12 11
12 5
12 2
12 6
12 14
12 4
12 1
13 15
13 12
13 7
13 5
13 6
13 11
13 14
13 2
14 15
14 12
14 7
14 6
14 13
14 2
14 11
15 12
15 5
15 11
15 4
15 1
15 13
15 14
16 8
16 9
16 7
16 10
16 11
