1 18
1 14
1 4
2 16
2 14
2 3
2 13
2 9
2 10
2 4
2 11
3 16
3 14
3 7
3 2
3 13
3 8
3 10
3 9
3 11
3 4
3 15
4 1
4 16
4 14
4 7
4 3
4 18
4 8
4 15
4 2
5 6
5 12
5 18
6 5
6 18
7 14
7 8
7 9
7 10
7 3
7 13
7 4
7 11
8 14
8 7
8 3
8 13
8 4
9 16
9 7
9 3
9 13
9 10
9 11
9 2
10 16
10 14
10 7
10 3
10 13
10 9
10 11
10 2
10 15
11 7
11 3
11 13
11 9
11 10
11 2
12 5
12 18
13 16
13 14
13 7
13 3
13 8
13 9
13 2
13 11
13 10
13 15
14 1
14 17
14 16
14 15
14 4
14 13
14 3
14 10
14 18
14 2
14 8
14 7
15 17
15 16
15 14
15 3
15 13
15 10
15 4
16 17
16 14
16 15
16 10
16 13
16 3
16 2
16 4
16 9
17 15
17 14
17 16
18 6
18 1
18 12
18 14
18 5
18 4
