1 15
1 16
1 7
1 4
1 2
1 10
1 12
2 15
2 16
2 7
2 1
2 10
3 15
3 9
3 16
3 4
3 12
4 9
4 11
4 13
4 7
4 3
4 12
4 8
4 1
4 14
5 13
5 7
5 10
6 11
6 10
7 9
7 11
7 13
7 1
7 2
7 10
7 4
7 12
7 5
7 14
8 9
8 4
8 10
8 12
9 8
9 4
9 12
9 14
9 13
9 7
9 3
10 11
10 13
10 7
10 8
10 2
10 5
10 6
10 14
10 1
11 12
11 13
11 7
11 6
11 10
11 4
12 9
12 11
12 13
12 7
12 4
12 8
12 1
12 14
12 3
13 15
13 9
13 11
13 16
13 14
13 7
13 12
13 5
13 10
13 4
14 15
14 9
14 16
14 13
14 7
14 4
14 10
14 12
15 16
15 14
15 3
15 13
15 2
15 1
16 15
16 14
16 13
16 2
16 1
16 3
