1 3
1 2
1 16
1 13
1 9
1 17
1 4
1 12
1 15
2 3
2 1
2 13
2 9
2 16
2 15
2 14
2 8
2 4
3 1
3 2
3 4
3 15
3 16
3 13
3 9
4 3
4 1
4 2
4 7
4 17
5 6
5 12
5 10
6 5
6 10
6 12
6 7
7 6
7 13
7 8
7 11
7 12
7 14
7 15
7 4
8 2
8 13
8 9
8 11
8 12
8 17
8 7
9 3
9 1
9 2
9 13
9 8
9 11
9 15
9 14
9 17
10 6
10 13
10 12
10 14
10 17
10 5
10 15
11 8
11 12
11 14
11 7
11 9
11 17
12 6
12 1
12 13
12 8
12 11
12 10
12 15
12 14
12 5
12 16
12 7
13 3
13 1
13 2
13 9
13 15
13 14
13 8
13 12
13 10
13 7
14 2
14 13
14 11
14 12
14 9
14 7
14 15
14 10
15 3
15 1
15 2
15 13
15 12
15 9
15 7
15 14
15 10
16 3
16 1
16 2
16 12
16 17
17 1
17 8
17 11
17 9
17 16
17 4
17 10
