1 13
1 7
1 2
1 14
1 9
1 10
1 11
1 15
1 4
1 8
2 1
2 7
2 15
2 8
2 4
3 13
3 7
3 15
3 4
3 5
3 10
3 6
4 13
4 16
4 1
4 15
4 3
4 17
4 5
4 10
4 6
4 2
5 13
5 15
5 3
5 14
5 4
5 6
5 10
6 16
6 15
6 3
6 17
6 14
6 4
6 12
6 5
6 9
6 10
6 11
7 13
7 1
7 2
7 9
7 10
7 11
7 3
7 17
7 14
7 12
8 13
8 1
8 14
8 2
9 1
9 7
9 6
9 11
9 10
10 1
10 7
10 3
10 4
10 6
10 9
10 11
10 5
11 1
11 7
11 6
11 9
11 10
12 13
12 16
12 7
12 15
12 17
12 14
12 6
13 5
13 14
13 8
13 1
13 7
13 4
13 3
13 17
13 12
14 13
14 16
14 1
14 7
14 15
14 17
14 12
14 8
14 6
14 5
15 16
15 1
15 4
15 17
15 6
15 2
15 5
15 3
15 14
15 12
16 17
16 15
16 6
16 14
16 12
16 4
17 13
17 16
17 7
17 15
17 14
17 12
17 6
17 4
