1 6
1 2
1 8
1 4
1 13
1 5
1 7
2 6
2 11
2 16
2 8
2 1
2 14
2 17
2 7
3 12
3 4
3 16
3 13
3 15
3 5
3 17
3 9
4 6
4 11
4 10
4 12
4 8
4 5
4 13
4 3
4 1
4 17
4 7
4 9
4 15
4 16
5 12
5 8
5 4
5 16
5 13
5 15
5 3
5 1
5 17
5 7
5 9
6 7
6 4
6 13
6 8
6 1
6 2
6 16
7 6
7 2
7 10
7 8
7 4
7 16
7 13
7 15
7 5
7 1
8 6
8 2
8 10
8 1
8 7
8 5
8 4
8 13
8 16
8 15
9 4
9 13
9 5
9 3
10 11
10 14
10 12
10 13
10 8
10 7
10 4
11 10
11 14
11 13
11 12
11 2
11 4
11 15
12 11
12 14
12 10
12 13
12 4
12 3
12 5
13 6
13 11
13 14
13 10
13 12
13 8
13 4
13 1
13 5
13 3
13 7
13 9
14 11
14 2
14 10
14 13
14 12
14 16
14 15
15 11
15 14
15 8
15 4
15 16
15 3
15 5
15 7
15 17
16 6
16 2
16 14
16 8
16 4
16 15
16 7
16 17
16 3
16 5
17 2
17 4
17 16
17 15
17 5
17 3
