1 7
1 20
1 6
1 4
1 19
1 3
1 2
1 5
1 10
1 11
2 7
2 20
2 6
2 4
2 19
2 1
2 11
2 3
2 5
2 10
3 7
3 20
3 6
3 4
3 19
3 1
3 11
3 5
3 2
3 10
4 5
4 14
4 3
4 18
4 12
4 2
4 11
5 4
5 12
5 11
5 3
5 2
5 18
5 14
6 7
6 20
6 1
6 19
6 14
7 20
7 8
7 6
7 1
7 19
7 13
7 10
7 14
8 7
8 20
8 13
8 6
8 14
8 19
8 10
8 1
9 17
9 15
9 16
10 12
10 18
10 14
11 7
11 20
11 13
11 6
11 8
11 12
11 21
11 1
11 2
11 18
11 14
11 10
12 7
12 20
12 13
12 6
12 8
12 11
12 18
12 10
12 2
12 14
12 1
12 21
13 7
13 20
13 12
13 11
13 8
13 14
13 21
13 18
13 2
13 10
13 1
13 6
14 4
14 16
14 10
15 17
15 21
15 16
15 9
15 14
16 17
16 21
16 15
16 9
16 14
17 18
17 15
17 9
17 16
17 12
17 5
17 3
17 14
17 10
17 11
17 2
18 17
18 12
18 15
18 16
18 11
18 3
18 5
18 9
18 10
18 2
18 14
19 4
19 10
20 7
20 6
20 1
20 16
20 2
20 11
21 7
21 20
21 13
21 6
21 8
21 1
