1 2
1 12
1 4
1 19
2 4
2 19
2 1
2 12
3 11
3 17
3 14
3 2
3 6
3 5
3 8
3 4
3 7
3 19
4 11
4 17
4 14
4 2
4 6
4 5
4 8
4 19
4 3
4 7
5 11
5 17
5 14
5 2
5 6
5 4
5 3
5 8
5 19
5 7
6 11
6 17
6 14
6 8
6 7
6 5
6 3
7 11
7 17
7 14
7 6
7 5
7 8
7 3
8 11
8 17
8 14
8 6
8 5
8 7
8 3
9 10
9 5
9 8
9 16
9 6
10 9
10 6
10 5
10 8
10 16
11 17
11 14
11 7
11 3
11 18
11 19
11 4
11 2
12 11
12 17
12 14
12 20
12 13
12 1
12 21
12 3
12 7
13 11
13 17
13 14
13 20
13 21
13 15
13 3
13 7
14 11
14 17
14 13
14 3
14 15
14 7
14 20
14 21
15 11
15 17
15 14
15 20
15 13
15 21
15 3
15 7
16 11
16 17
16 14
16 5
16 8
16 1
16 10
16 3
16 12
16 7
17 11
17 16
17 14
17 3
17 7
17 12
17 10
17 1
17 5
17 8
18 11
18 16
18 10
18 6
18 7
18 17
18 3
18 14
19 18
19 2
19 6
19 20
19 5
19 13
19 8
19 21
19 4
20 6
20 21
20 13
20 8
20 5
21 9
21 20
21 13
