1 3
1 4
1 2
1 5
1 13
1 16
1 14
1 12
1 6
1 7
1 10
1 18
2 1
2 5
2 13
2 7
2 4
2 14
2 6
2 3
2 10
2 18
2 12
2 16
3 1
3 5
3 13
3 7
3 4
3 14
3 6
3 2
3 10
3 16
3 12
3 18
4 1
4 5
4 13
4 7
4 14
4 3
4 12
4 2
4 16
4 6
4 10
4 18
5 13
5 3
6 7
6 4
6 14
6 3
6 18
6 12
7 1
7 8
7 6
7 11
7 2
7 17
7 15
8 1
8 7
8 15
8 6
8 11
8 17
8 2
9 10
9 16
9 18
10 15
10 9
10 8
10 17
11 5
11 13
11 7
11 4
11 14
11 6
11 12
12 5
12 13
12 7
12 4
12 14
12 6
12 11
13 5
13 11
13 12
13 4
13 7
13 6
13 14
14 7
14 4
14 12
14 18
14 8
14 6
15 16
15 17
15 12
15 4
15 14
15 9
15 10
16 15
16 4
16 14
16 9
16 10
16 17
16 12
17 15
17 4
17 14
17 12
18 5
18 13
18 10
