1 17
1 4
1 14
1 2
2 13
2 15
2 6
2 9
2 14
2 1
2 3
3 13
3 15
3 6
3 9
3 14
3 1
3 2
4 8
4 12
4 10
4 16
5 13
5 7
5 6
5 16
5 9
5 1
5 2
5 14
6 13
6 5
6 16
6 7
6 9
6 2
6 1
6 14
7 13
7 5
7 16
7 6
7 9
7 1
7 2
7 14
8 12
9 13
9 5
9 10
9 6
9 11
9 1
9 2
9 14
9 4
9 7
10 13
10 5
10 11
10 9
10 7
10 4
10 1
10 2
10 14
10 6
11 13
11 5
11 10
11 6
11 9
11 7
11 4
11 14
11 1
11 2
12 13
12 5
12 8
12 10
12 9
12 6
12 11
12 17
13 9
13 6
14 15
14 1
14 2
14 3
15 3
16 13
16 17
16 2
16 1
16 14
16 15
16 3
16 6
16 9
17 13
17 16
17 15
17 6
17 9
17 2
17 1
17 14
17 3
