1 19
1 16
1 18
1 2
1 8
1 4
1 13
1 11
1 10
1 15
2 19
2 16
2 18
2 1
2 13
2 8
2 4
2 10
2 15
2 11
3 18
3 2
3 16
3 13
3 19
3 1
3 4
3 8
4 1
4 8
4 11
5 6
6 5
7 3
8 19
8 16
8 18
8 1
8 2
8 4
8 7
8 6
8 13
8 11
10 19
10 16
10 18
10 2
10 17
10 14
10 13
10 15
10 6
11 19
11 16
11 18
11 2
11 12
11 5
11 13
11 6
12 19
12 16
12 18
12 2
12 9
12 13
12 15
12 10
13 19
13 16
13 18
13 2
13 9
13 12
13 10
13 15
14 17
14 7
14 11
15 19
15 16
15 18
15 2
15 17
15 12
15 14
15 13
15 10
16 19
16 18
16 15
16 13
16 2
16 17
16 12
16 10
16 14
17 19
17 16
17 18
17 2
17 15
17 14
17 12
17 10
17 13
18 19
18 16
18 13
18 2
18 17
18 14
19 18
19 2
19 13
19 16
19 5
19 14
19 17
