1 17
1 12
1 5
1 15
1 3
1 2
1 18
1 6
1 19
1 4
2 1
2 3
2 18
2 19
2 17
2 4
2 6
2 12
2 5
2 15
3 1
3 2
3 6
3 19
3 5
3 18
3 15
3 12
3 17
3 4
4 14
4 19
4 3
4 9
5 1
5 14
5 6
5 17
5 15
5 12
6 1
6 14
6 5
6 17
6 15
6 12
7 11
7 2
7 16
7 3
7 4
8 13
8 10
9 14
9 6
9 10
10 11
10 6
10 16
10 7
11 10
11 16
11 7
11 6
12 1
12 14
12 5
12 16
12 15
12 17
12 7
13 6
13 8
14 1
14 11
14 5
14 17
14 15
14 12
14 7
14 16
14 13
15 1
15 14
15 19
15 5
15 8
15 18
15 17
15 12
16 6
16 19
16 8
16 7
17 1
17 2
17 19
17 5
17 18
17 15
17 12
17 9
18 1
18 2
18 19
18 5
18 17
18 15
18 12
18 9
19 1
19 2
19 17
19 18
19 5
19 15
19 12
19 9
