1 10
1 13
1 4
1 7
1 3
1 11
1 8
1 16
1 15
1 2
2 10
2 13
2 4
2 7
2 3
2 11
2 8
2 16
2 15
2 1
3 7
3 11
3 6
4 10
4 18
4 8
4 15
4 2
4 3
4 7
4 11
5 17
5 6
5 14
5 1
6 10
6 18
6 13
6 4
6 7
6 3
6 11
6 1
6 15
6 2
6 8
6 9
7 10
7 18
7 13
7 4
7 11
7 3
7 6
7 2
7 1
7 9
7 15
7 8
8 10
8 4
8 6
8 9
8 2
8 15
8 1
9 10
9 4
9 15
9 2
9 8
9 5
10 9
10 15
10 4
10 2
10 8
10 5
11 7
11 3
11 6
11 9
12 14
13 14
13 5
14 13
14 5
15 10
15 13
15 4
15 8
15 2
15 12
17 10
17 13
17 4
17 15
17 2
17 8
18 10
18 7
18 2
18 15
18 4
18 8
18 17
18 1
18 3
18 11
18 13
