1 17
1 12
1 5
1 15
1 3
1 2
1 18
1 6
1 14
1 19
1 4
2 1
2 3
2 18
2 19
2 17
2 4
2 7
2 6
2 12
2 5
2 15
3 1
3 2
3 6
3 19
3 5
3 18
3 15
3 12
3 17
3 7
3 4
4 1
4 2
4 14
4 19
4 7
4 3
4 9
5 1
5 2
5 14
5 6
5 19
5 17
5 15
5 12
5 3
5 18
6 1
6 11
6 2
6 14
6 5
6 17
6 15
6 12
6 10
6 9
6 13
6 16
6 3
7 11
7 2
7 14
7 16
7 12
7 3
7 4
7 10
8 13
8 15
8 10
8 16
9 14
9 6
9 19
9 18
9 17
9 10
9 4
10 11
10 6
10 8
10 16
10 7
10 9
11 10
11 16
11 7
11 6
11 14
12 1
12 2
12 14
12 6
12 19
12 5
12 16
12 18
12 15
12 17
12 3
12 7
13 14
13 6
13 8
14 1
14 11
14 6
14 5
14 17
14 15
14 12
14 9
14 7
14 16
14 4
14 13
15 1
15 2
15 14
15 6
15 19
15 5
15 8
15 18
15 17
15 12
15 3
16 11
16 14
16 6
16 19
16 8
16 7
16 12
16 10
17 1
17 2
17 14
17 6
17 19
17 5
17 18
17 15
17 12
17 3
17 9
18 1
18 2
18 19
18 5
18 17
18 15
18 12
18 9
18 3
19 1
19 2
19 17
19 18
19 5
19 15
19 12
19 9
19 3
19 16
19 4
