1 8
1 6
1 9
1 4
1 10
1 3
1 5
1 15
2 7
2 8
2 15
3 7
3 13
3 8
3 6
3 9
3 4
3 10
3 1
3 5
3 11
3 17
3 14
4 7
4 8
4 12
4 6
4 9
4 3
4 5
4 1
4 10
4 14
4 11
4 17
5 7
5 8
5 6
5 9
5 4
5 16
5 10
5 1
5 3
5 17
5 11
5 14
5 15
6 7
6 8
6 4
6 1
6 3
6 5
6 10
6 9
6 11
6 17
6 14
7 8
7 12
7 16
7 15
7 9
7 13
7 5
7 6
7 4
7 3
7 17
7 14
7 2
8 7
8 13
8 9
8 2
8 12
8 6
8 1
8 10
8 5
8 4
8 3
8 16
8 15
8 14
8 17
9 7
9 8
9 12
9 6
9 5
9 14
9 17
9 15
9 16
9 3
9 4
9 1
9 10
10 8
10 6
10 9
10 4
10 1
10 3
10 5
11 13
11 6
11 4
11 3
11 17
11 5
12 7
12 8
12 9
12 4
13 7
13 16
13 3
13 11
13 15
13 8
14 7
14 8
14 6
14 9
14 4
14 16
14 3
14 17
14 5
14 15
15 7
15 13
15 8
15 9
15 16
15 2
15 1
15 17
15 14
15 5
16 7
16 13
16 8
16 9
16 15
16 17
16 14
16 5
17 7
17 8
17 6
17 9
17 4
17 16
17 3
17 14
17 5
17 15
17 11
