1 17
1 2
1 12
1 16
1 4
1 19
2 11
2 4
2 19
2 1
2 5
2 3
2 12
3 11
3 18
3 17
3 14
3 2
3 6
3 5
3 13
3 8
3 4
3 7
3 15
3 19
3 16
3 12
4 11
4 17
4 14
4 2
4 6
4 5
4 8
4 1
4 19
4 3
4 7
5 11
5 9
5 17
5 14
5 2
5 6
5 20
5 4
5 3
5 8
5 19
5 10
5 7
5 16
6 11
6 18
6 9
6 17
6 14
6 8
6 7
6 10
6 5
6 4
6 3
6 20
6 19
7 11
7 18
7 17
7 14
7 6
7 5
7 13
7 8
7 4
7 3
7 12
7 16
7 15
8 11
8 9
8 17
8 14
8 6
8 20
8 5
8 7
8 19
8 10
8 4
8 3
8 16
9 10
9 5
9 8
9 21
9 16
9 6
10 18
10 9
10 17
10 6
10 5
10 8
10 16
11 17
11 14
11 7
11 3
11 16
11 18
11 12
11 13
11 15
11 19
11 4
11 2
11 8
11 6
11 5
12 11
12 17
12 14
12 2
12 20
12 13
12 1
12 21
12 3
12 7
12 16
13 11
13 17
13 14
13 20
13 21
13 15
13 19
13 3
13 7
13 12
14 11
14 18
14 17
14 13
14 3
14 15
14 7
14 12
14 20
14 21
14 16
14 5
14 4
14 8
14 6
15 11
15 17
15 14
15 20
15 13
15 21
15 3
15 7
16 11
16 18
16 9
16 17
16 14
16 5
16 8
16 1
16 10
16 3
16 12
16 7
17 11
17 18
17 16
17 14
17 3
17 7
17 12
17 10
17 13
17 15
17 1
17 5
17 4
17 8
17 6
18 11
18 16
18 10
18 19
18 6
18 7
18 17
18 3
18 14
19 11
19 18
19 2
19 6
19 20
19 5
19 13
19 8
19 1
19 21
19 4
19 3
20 14
20 6
20 21
20 13
20 12
20 15
20 8
20 5
20 19
21 9
21 14
21 20
21 13
21 12
21 19
21 15
