1 4
1 9
1 12
1 3
2 10
2 4
2 9
2 12
2 14
2 5
2 16
2 3
2 7
2 11
2 13
2 8
3 10
3 9
3 12
3 14
3 15
3 5
3 2
3 1
3 7
3 11
3 8
3 13
4 10
4 9
4 14
4 13
4 11
4 8
4 6
4 1
4 2
5 10
5 15
5 16
5 6
5 2
5 11
5 3
5 7
6 4
6 9
6 14
6 15
6 5
6 16
6 13
6 8
7 10
7 9
7 12
7 14
7 5
7 2
7 3
7 13
7 11
7 8
8 10
8 4
8 9
8 14
8 15
8 16
8 6
8 2
8 3
8 13
8 11
8 7
9 10
9 4
9 11
9 8
9 14
9 13
9 1
9 2
9 6
9 3
9 7
10 9
10 11
10 8
10 13
10 14
10 4
10 3
10 2
10 7
10 5
11 10
11 4
11 9
11 12
11 14
11 5
11 2
11 3
11 13
11 7
11 8
12 1
12 2
12 3
12 7
12 11
13 10
13 4
13 9
13 14
13 15
13 16
13 6
13 2
13 3
13 8
13 11
13 7
14 10
14 4
14 9
14 13
14 15
14 8
14 16
14 3
14 6
14 2
14 11
14 7
15 14
15 16
15 3
15 13
15 6
15 8
15 5
16 14
16 15
16 5
16 2
16 6
16 13
16 8
