1 3
1 4
1 2
1 5
1 13
1 16
1 14
1 12
1 6
1 7
1 8
1 10
1 18
2 1
2 5
2 13
2 7
2 4
2 14
2 6
2 3
2 10
2 18
2 12
2 8
2 16
3 1
3 5
3 13
3 7
3 4
3 14
3 6
3 2
3 10
3 16
3 12
3 18
4 1
4 5
4 13
4 7
4 15
4 14
4 3
4 12
4 2
4 16
4 17
4 6
4 10
4 11
4 18
5 1
5 13
5 3
5 2
5 4
5 11
5 12
5 18
6 1
6 13
6 7
6 4
6 14
6 3
6 2
6 18
6 12
6 11
6 8
7 1
7 13
7 8
7 6
7 11
7 12
7 3
7 4
7 2
7 17
7 15
7 14
8 1
8 7
8 15
8 14
8 6
8 10
8 11
8 17
8 2
9 15
9 10
9 16
9 18
10 1
10 15
10 4
10 9
10 3
10 8
10 18
10 16
10 17
10 2
11 5
11 13
11 7
11 4
11 14
11 6
11 12
11 8
12 1
12 5
12 13
12 7
12 15
12 4
12 14
12 6
12 3
12 11
12 17
12 16
12 2
13 1
13 5
13 11
13 12
13 3
13 2
13 4
13 7
13 6
13 14
13 18
14 1
14 13
14 7
14 15
14 4
14 12
14 3
14 2
14 18
14 11
14 8
14 17
14 16
14 6
15 7
15 16
15 17
15 12
15 4
15 14
15 9
15 10
15 8
16 1
16 15
16 4
16 14
16 9
16 3
16 10
16 17
16 12
16 2
17 7
17 15
17 4
17 14
17 10
17 12
17 8
17 16
18 1
18 5
18 13
18 4
18 14
18 6
18 9
18 3
18 10
18 2
