1 6
1 2
1 13
1 12
1 7
2 5
2 3
2 18
2 14
2 1
2 12
2 9
2 17
3 5
3 6
3 4
3 9
3 18
3 12
3 13
3 15
3 11
3 10
3 2
3 16
3 17
3 7
3 8
4 5
4 3
4 18
4 15
4 11
4 9
4 12
5 6
5 9
5 18
5 7
5 8
5 12
5 3
5 13
5 11
5 10
5 16
5 2
5 17
5 4
6 5
6 8
6 7
6 9
6 18
6 12
6 3
6 1
6 13
6 16
7 5
7 6
7 3
7 18
7 16
7 8
7 1
7 13
7 9
7 12
8 5
8 6
8 3
8 18
8 16
8 7
8 17
8 9
8 12
8 13
9 5
9 6
9 3
9 18
9 16
9 4
9 11
9 14
9 8
9 7
9 13
9 12
9 10
9 17
9 2
10 5
10 3
10 18
10 11
10 14
10 12
10 9
11 5
11 3
11 18
11 4
11 9
11 10
11 12
11 14
12 5
12 6
12 3
12 18
12 16
12 4
12 11
12 14
12 8
12 1
12 7
12 13
12 9
12 17
12 10
12 2
13 5
13 6
13 3
13 18
13 14
13 8
13 1
13 7
13 9
13 12
13 15
14 11
14 15
14 12
14 13
14 17
14 2
14 10
14 9
15 3
15 4
15 14
15 13
16 5
16 6
16 3
16 18
16 8
16 17
16 12
16 9
16 7
17 5
17 3
17 18
17 16
17 14
17 8
17 12
17 9
17 2
18 5
18 6
18 3
18 12
18 9
18 13
18 11
18 10
18 7
18 8
18 2
18 4
18 16
18 17
