1 12
1 11
1 2
1 3
1 4
1 14
2 13
2 12
2 10
2 18
2 11
2 16
2 17
2 1
2 14
2 3
3 16
3 2
3 1
3 4
4 8
4 5
4 7
4 16
4 1
4 3
5 6
5 12
5 11
5 10
5 4
6 13
6 5
7 8
7 4
7 18
7 14
7 9
8 13
8 7
8 4
8 18
8 17
8 16
9 12
9 7
9 10
9 11
9 17
9 18
9 16
9 15
10 5
10 12
10 11
10 9
10 2
10 18
10 16
10 17
11 13
11 5
11 12
11 10
11 9
11 18
11 2
11 16
11 1
11 14
11 17
12 5
12 10
12 11
12 9
12 1
12 2
12 18
12 17
12 16
13 6
13 8
13 11
13 2
14 7
14 11
14 2
14 1
15 9
16 8
16 12
16 10
16 9
16 18
16 11
16 17
16 2
16 3
16 4
17 8
17 12
17 10
17 9
17 18
17 11
17 16
17 2
18 8
18 12
18 7
18 10
18 9
18 16
18 17
18 11
18 2
