1 9
1 8
1 10
1 16
1 5
1 15
1 18
1 11
1 14
2 3
2 6
2 5
2 17
2 4
2 7
2 18
3 9
3 8
3 10
3 2
3 17
3 6
3 5
3 4
3 7
3 18
4 9
4 8
4 10
4 3
4 6
4 16
4 5
4 2
4 17
4 7
4 13
5 8
5 3
5 6
5 16
5 7
5 4
5 1
5 2
5 12
5 17
5 13
6 8
6 3
6 2
6 4
6 5
6 7
6 17
6 18
6 16
6 13
7 9
7 8
7 10
7 3
7 6
7 16
7 5
7 2
7 17
7 4
7 13
8 9
8 10
8 13
8 15
8 4
8 7
8 3
8 14
8 1
8 6
8 5
9 10
9 8
9 15
9 14
9 16
9 1
9 11
9 7
9 17
9 3
9 18
9 13
9 4
10 9
10 8
10 13
10 16
10 7
10 4
10 14
10 1
10 15
10 3
11 9
11 15
11 18
11 12
11 13
11 1
11 14
12 16
12 5
12 11
13 9
13 8
13 10
13 6
13 5
13 18
13 11
13 4
13 7
14 9
14 8
14 10
14 16
14 15
14 11
14 1
15 9
15 8
15 10
15 14
15 11
15 1
16 9
16 10
16 6
16 4
16 7
16 5
16 12
16 1
16 14
17 9
17 3
17 6
17 5
17 2
17 18
17 4
17 7
18 9
18 3
18 6
18 2
18 17
18 11
18 1
18 13
