1 12
1 8
1 2
1 4
1 14
1 6
1 11
2 10
2 12
2 6
2 1
2 5
2 9
2 11
2 14
2 4
3 4
3 11
4 3
4 10
4 12
4 8
4 2
4 11
4 9
4 1
5 12
5 2
5 16
5 15
5 6
5 14
6 10
6 12
6 2
6 1
6 9
6 11
6 5
6 14
7 9
7 8
8 10
8 12
8 7
8 9
8 4
8 11
8 13
8 16
8 14
8 1
9 10
9 12
9 7
9 8
9 13
9 2
9 4
9 11
9 14
9 6
10 12
10 9
10 11
10 2
10 6
10 14
10 13
10 8
10 4
11 3
11 10
11 12
11 8
11 13
11 2
11 4
11 1
11 9
11 14
11 6
12 10
12 2
12 6
12 9
12 11
12 1
12 5
12 13
12 8
12 4
12 14
13 10
13 12
13 8
13 9
13 11
14 10
14 12
14 8
14 2
14 1
14 9
14 11
14 6
14 5
15 16
15 5
16 8
16 15
16 5
