1 8
1 14
1 22
1 5
1 9
1 17
1 10
2 5
2 3
2 4
2 10
2 14
2 11
2 6
2 12
2 13
3 8
3 2
3 6
3 14
3 7
3 4
3 5
3 10
4 18
4 20
4 19
4 2
4 14
4 3
4 5
4 10
4 9
4 21
5 18
5 20
5 19
5 2
5 14
5 22
5 3
5 4
5 10
5 1
5 21
5 13
5 12
6 18
6 20
6 19
6 2
6 13
6 21
6 3
6 14
6 12
6 11
7 20
7 8
7 15
7 9
7 16
7 17
7 3
8 20
8 7
8 15
8 10
8 9
8 1
8 3
9 18
9 8
9 14
9 7
9 11
9 12
9 13
9 4
9 1
9 10
10 18
10 8
10 2
10 14
10 3
10 5
10 11
10 12
10 13
10 4
10 1
10 9
11 20
11 2
11 6
11 14
11 12
11 13
11 9
11 10
12 19
12 2
12 6
12 14
12 5
12 11
12 13
12 9
12 10
12 16
13 18
13 20
13 19
13 2
13 6
13 14
13 5
13 11
13 12
13 21
13 10
13 9
13 16
14 19
14 2
14 6
14 13
14 10
14 12
14 9
14 11
14 16
14 5
14 4
14 3
14 1
15 8
15 7
15 16
15 17
15 22
16 15
16 14
16 22
16 7
16 12
16 13
16 17
17 18
17 20
17 19
17 15
17 22
17 7
17 1
17 21
17 16
18 20
18 19
18 21
18 13
18 6
18 4
18 5
18 22
18 17
18 9
18 10
19 18
19 20
19 13
19 6
19 21
19 4
19 14
19 12
19 17
19 22
19 5
20 18
20 19
20 21
20 13
20 6
20 5
20 22
20 4
20 17
20 8
20 7
20 11
21 18
21 20
21 19
21 6
21 22
21 5
21 13
21 4
21 17
22 18
22 20
22 19
22 15
22 5
22 21
22 16
22 17
22 1
