1 3
1 9
1 13
1 18
1 4
1 5
2 3
2 9
2 12
2 17
2 5
2 13
2 14
3 13
3 16
3 2
3 17
3 5
3 7
3 6
3 1
3 12
3 14
3 8
4 6
4 14
4 13
4 18
4 12
4 1
4 17
4 5
4 10
5 3
5 9
5 2
5 6
5 14
5 13
5 18
5 12
5 1
5 17
5 4
5 7
6 3
6 5
6 4
6 10
6 13
6 11
7 3
7 9
7 16
7 14
7 8
7 17
7 5
8 3
8 16
8 14
8 7
8 18
8 12
8 13
9 7
9 1
9 5
9 17
9 16
9 2
9 12
9 18
10 16
10 6
10 4
10 15
11 6
11 18
11 17
12 3
12 9
12 2
12 14
12 8
12 13
12 4
12 17
12 5
13 3
13 2
13 6
13 14
13 8
13 12
13 1
13 17
13 5
13 4
14 3
14 16
14 2
14 8
14 12
14 13
14 7
14 4
14 17
14 5
15 10
16 3
16 9
16 10
16 7
16 18
16 8
16 14
17 3
17 9
17 2
17 14
17 13
17 18
17 12
17 11
17 5
17 7
17 4
18 9
18 16
18 8
18 17
18 11
18 4
18 5
18 1
