1 9
1 10
1 2
1 12
1 14
1 6
1 15
1 7
2 9
2 13
2 1
2 15
2 6
2 7
3 13
3 12
3 14
3 6
3 11
3 5
3 7
4 16
4 6
4 7
4 8
4 5
5 6
5 11
5 4
5 3
5 8
6 13
6 2
6 12
6 14
6 16
6 7
6 3
6 1
6 5
6 11
6 4
7 9
7 13
7 2
7 12
7 14
7 16
7 6
7 11
7 4
7 3
7 1
8 4
8 5
9 15
9 14
9 7
9 2
9 1
9 10
10 9
10 13
10 15
10 12
10 1
10 14
10 11
10 16
11 13
11 10
11 12
11 14
11 6
11 15
11 3
11 7
11 5
12 13
12 10
12 14
12 11
12 15
12 7
12 16
12 3
12 6
12 1
13 12
13 14
13 11
13 15
13 10
13 2
13 3
13 6
13 7
14 9
14 13
14 10
14 12
14 11
14 7
14 15
14 1
14 16
14 3
14 6
15 9
15 13
15 10
15 2
15 12
15 14
15 16
15 11
15 1
16 10
16 12
16 14
16 4
16 7
16 15
16 6
