1 13
1 3
1 12
1 2
1 10
1 6
1 7
1 8
2 1
2 8
2 11
2 3
2 6
2 10
2 7
2 13
3 1
3 8
3 2
3 13
3 10
3 12
3 6
3 7
3 11
4 9
4 10
4 8
4 14
5 9
5 8
5 13
5 10
5 12
5 6
5 7
6 1
6 9
6 8
6 2
6 10
6 12
6 7
6 5
6 3
6 14
6 11
7 1
7 9
7 15
7 8
7 2
7 10
7 6
7 5
7 14
7 3
7 11
8 1
8 9
8 4
8 10
8 12
8 5
8 2
8 3
8 6
8 7
8 11
8 13
9 8
9 12
9 10
9 5
9 13
9 6
9 7
9 4
10 1
10 9
10 4
10 8
10 2
10 6
10 7
10 5
10 11
10 14
10 12
10 3
11 8
11 2
11 10
11 6
11 7
11 3
11 14
12 1
12 9
12 8
12 13
12 10
12 5
12 6
12 3
13 1
13 9
13 8
13 2
13 3
13 12
13 5
14 4
14 10
14 6
14 7
14 11
15 16
15 7
16 15
