1 13
1 2
1 5
1 4
1 12
1 3
2 10
2 9
2 3
2 4
2 12
2 15
2 16
2 1
3 2
3 11
3 1
3 4
3 14
3 15
4 13
4 2
4 1
4 3
4 12
5 10
5 13
5 7
5 8
5 6
5 9
5 11
5 16
5 14
5 1
6 10
6 13
6 5
6 11
6 9
6 8
6 7
6 16
7 10
7 13
7 5
7 11
7 9
7 8
7 16
7 6
7 12
8 10
8 13
8 5
8 11
8 9
8 7
8 6
8 16
9 10
9 2
9 5
9 11
9 8
9 6
9 7
10 9
10 11
10 7
10 5
10 8
10 6
10 2
11 10
11 5
11 9
11 8
11 6
11 7
11 3
12 13
12 2
12 1
12 7
12 16
12 4
12 15
13 7
13 12
13 16
13 4
13 1
13 5
13 6
13 8
13 15
14 5
14 3
15 13
15 2
15 3
15 12
16 13
16 2
16 5
16 8
16 7
16 6
16 12
