1 16
1 15
1 17
1 13
1 14
1 12
2 8
2 7
2 10
2 9
2 12
3 15
3 10
3 12
3 13
3 14
3 4
4 15
4 3
4 13
4 12
4 14
4 5
4 11
5 15
5 4
5 18
5 13
5 11
5 6
5 12
5 14
6 10
6 9
6 11
6 5
7 16
7 15
7 8
7 2
7 13
7 17
7 10
7 9
8 15
8 7
8 2
8 13
9 15
9 7
9 10
9 12
9 6
9 11
9 2
10 15
10 3
10 7
10 9
10 12
10 2
10 6
10 13
10 14
11 15
11 4
11 9
11 18
11 13
11 5
11 12
11 14
11 6
12 15
12 3
12 4
12 10
12 9
12 13
12 11
12 5
12 2
12 1
12 14
13 15
13 3
13 4
13 8
13 7
13 10
13 12
13 14
13 1
13 5
13 11
14 16
14 15
14 3
14 4
14 10
14 17
14 13
14 11
14 5
14 1
14 12
15 12
15 14
15 13
15 5
15 11
15 18
15 9
15 10
15 4
15 7
15 8
15 1
15 3
16 17
16 18
16 1
16 14
16 7
17 16
17 7
17 1
17 14
17 18
18 16
18 15
18 17
18 11
18 5
