1 5
1 10
1 2
1 6
1 14
2 4
2 5
2 1
2 14
2 17
2 16
2 18
2 9
2 8
3 5
3 15
3 9
3 8
4 18
4 5
4 7
4 16
4 17
4 13
4 2
4 14
5 4
5 14
5 2
5 3
5 9
5 13
5 16
5 18
5 17
5 1
5 8
6 11
6 7
6 15
6 10
6 1
6 18
6 17
6 16
6 8
7 4
7 6
7 18
7 12
7 17
7 15
8 5
8 2
8 9
8 17
8 13
8 3
8 14
8 12
8 6
9 5
9 2
9 8
9 3
9 14
9 12
9 17
10 11
10 6
10 1
11 6
11 15
11 10
11 16
11 17
11 18
12 7
12 15
12 9
12 18
12 17
12 16
12 13
12 8
13 4
13 5
13 18
13 12
13 8
14 4
14 5
14 1
14 2
14 9
14 18
14 17
14 16
14 8
15 11
15 7
15 17
15 12
15 3
15 6
16 4
16 11
16 5
16 2
16 18
16 17
16 6
16 14
16 12
17 4
17 11
17 7
17 5
17 15
17 2
17 9
17 18
17 12
17 16
17 14
17 6
17 8
18 4
18 11
18 7
18 5
18 2
18 16
18 17
18 13
18 12
18 6
18 14
