1 16
1 4
1 5
1 3
1 6
1 7
2 14
2 17
2 11
2 7
2 3
2 4
2 6
2 13
2 16
2 10
2 9
3 14
3 17
3 11
3 2
3 9
3 16
3 4
3 5
3 13
3 1
3 6
3 7
4 14
4 11
4 2
4 9
4 16
4 7
4 1
4 8
4 3
4 10
4 5
5 11
5 9
5 16
5 4
5 10
5 7
5 6
5 3
5 13
5 1
6 14
6 2
6 5
6 13
6 12
6 10
6 3
6 1
6 7
7 14
7 17
7 11
7 2
7 9
7 16
7 4
7 5
7 13
7 10
7 3
7 1
7 6
8 16
8 4
9 14
9 2
9 4
9 5
9 7
9 16
9 3
10 14
10 11
10 2
10 16
10 4
10 5
10 13
10 7
10 6
11 14
11 10
11 4
11 2
11 3
11 5
11 7
12 13
12 6
13 14
13 2
13 16
13 5
13 6
13 10
13 7
13 12
13 3
13 15
14 2
14 7
14 16
14 3
14 4
14 17
14 10
14 11
14 13
14 6
14 9
15 16
15 13
16 14
16 17
16 2
16 9
16 3
16 5
16 15
16 8
16 10
16 4
16 1
16 13
16 7
17 14
17 7
17 2
17 16
17 3
