1 9
1 6
1 10
1 15
1 8
1 7
1 14
2 8
2 7
2 3
3 4
3 9
3 16
3 6
3 5
3 12
3 2
3 15
3 10
4 3
4 5
4 15
4 9
4 10
4 6
4 12
5 4
5 9
5 13
5 16
5 6
5 12
5 3
5 15
5 10
6 4
6 9
6 11
6 1
6 15
6 10
6 5
6 3
7 1
7 2
8 11
8 1
8 2
9 4
9 6
9 15
9 10
9 5
9 12
9 14
9 3
9 16
9 13
9 1
9 11
10 4
10 9
10 11
10 1
10 13
10 16
10 6
10 5
10 15
10 3
11 9
11 10
11 13
11 16
11 8
11 15
11 6
12 4
12 9
12 13
12 16
12 5
12 3
13 9
13 11
13 12
13 16
13 15
13 10
13 5
14 9
14 1
15 4
15 9
15 11
15 1
15 13
15 16
15 6
15 5
15 10
15 3
16 9
16 11
16 13
16 5
16 12
16 3
16 15
16 10
