1 3
1 9
1 8
1 4
1 16
1 15
1 6
1 12
1 14
1 7
1 10
1 13
1 18
1 17
2 3
2 5
2 16
2 13
2 14
2 7
3 2
3 16
3 13
3 11
3 5
3 7
3 1
3 12
4 12
4 5
4 16
4 1
5 3
5 8
5 4
5 7
5 2
5 10
5 6
6 8
6 5
6 16
6 15
6 1
6 7
6 12
6 14
6 17
6 13
6 18
7 3
7 8
7 5
7 2
7 15
7 6
7 1
7 12
7 17
7 14
8 9
8 6
8 7
8 1
8 12
8 14
8 5
8 16
8 13
8 15
8 17
8 11
8 10
9 10
9 1
9 18
9 15
9 8
9 12
10 9
10 8
10 5
10 15
10 1
10 18
11 3
11 8
11 16
11 17
12 3
12 9
12 8
12 4
12 16
12 6
12 1
12 14
12 18
12 17
12 7
12 13
13 3
13 8
13 16
13 2
13 15
13 6
13 1
13 12
13 14
14 8
14 16
14 2
14 15
14 6
14 1
14 12
14 17
14 18
14 7
14 13
15 9
15 8
15 6
15 7
15 13
15 14
15 1
15 10
16 3
16 8
16 4
16 2
16 13
16 1
16 6
16 14
16 12
16 11
17 8
17 6
17 1
17 12
17 18
17 7
17 14
17 11
18 9
18 6
18 1
18 12
18 17
18 14
18 10
