1 4
1 5
1 12
1 6
1 9
1 14
1 11
1 10
1 2
1 8
2 5
2 1
2 10
2 3
2 11
2 9
2 7
2 13
3 6
3 10
3 8
3 16
3 17
3 2
4 5
4 6
4 11
4 1
4 9
4 14
4 17
4 16
4 15
5 4
5 6
5 1
5 9
5 14
5 11
5 2
5 15
6 4
6 5
6 3
6 1
6 9
6 14
6 15
6 11
7 14
7 2
7 13
8 1
8 14
8 3
8 16
8 17
8 9
8 15
9 4
9 5
9 6
9 1
9 14
9 10
9 8
9 11
9 2
10 1
10 14
10 2
10 9
10 3
10 11
11 4
11 5
11 6
11 1
11 14
11 10
11 2
11 13
11 9
12 1
12 15
13 14
13 11
13 2
13 7
14 4
14 5
14 6
14 1
14 9
14 11
14 10
14 8
14 13
14 7
15 4
15 5
15 12
15 6
15 17
15 8
16 4
16 3
16 17
16 8
17 4
17 3
17 16
17 8
17 15
