1 15
1 3
1 10
1 7
1 12
1 4
2 3
2 13
3 2
3 14
3 15
3 5
3 13
3 1
3 4
3 7
3 8
4 6
4 14
4 15
4 9
4 5
4 3
4 10
4 7
4 12
4 1
4 13
4 11
4 8
5 14
5 15
5 9
5 8
5 4
5 3
5 13
5 11
5 7
5 10
5 12
6 9
6 4
7 14
7 15
7 9
7 5
7 3
7 10
7 8
7 1
7 4
7 12
7 11
8 14
8 15
8 5
8 3
8 10
8 7
8 4
9 6
9 10
9 7
9 12
9 5
9 4
10 9
10 5
10 7
10 12
10 11
10 8
10 1
10 13
10 4
11 5
11 10
11 7
11 12
11 4
11 13
12 9
12 5
12 10
12 7
12 11
12 4
12 1
12 13
13 2
13 15
13 5
13 3
13 10
13 12
13 4
13 11
14 15
14 8
14 5
14 3
14 7
14 4
15 14
15 3
15 8
15 5
15 13
15 1
15 7
15 4
