1 18
1 2
1 17
1 9
1 13
1 14
1 12
1 10
1 11
1 15
2 1
2 17
2 9
2 13
2 3
2 6
3 7
3 18
3 8
3 2
3 5
3 4
3 16
4 7
4 18
4 5
4 10
4 11
4 15
4 12
4 9
4 6
4 13
4 3
4 14
5 7
5 18
5 8
5 6
5 4
5 13
5 3
5 11
5 15
5 16
5 14
6 8
6 2
6 5
6 10
6 4
6 11
6 14
6 15
6 13
6 16
7 4
7 5
7 13
7 3
8 3
8 6
8 5
8 16
9 18
9 1
9 2
9 10
9 4
9 11
9 12
9 17
9 15
9 14
10 18
10 1
10 11
10 12
10 9
10 4
10 15
10 17
10 6
10 16
11 18
11 1
11 5
11 10
11 4
11 12
11 15
11 9
11 6
11 14
11 17
12 18
12 1
12 10
12 4
12 11
12 9
12 17
12 15
13 7
13 1
13 2
13 5
13 4
13 6
13 16
13 15
14 1
14 5
14 4
14 11
14 9
14 6
14 16
14 15
14 17
15 1
15 5
15 10
15 4
15 11
15 9
15 12
15 6
15 14
15 16
15 17
15 13
16 8
16 5
16 10
16 3
16 6
16 14
16 13
16 15
17 18
17 1
17 2
17 10
17 11
17 9
17 12
17 14
17 15
18 9
18 1
18 17
18 3
18 5
18 4
18 10
18 12
18 11
