2 5
2 8
2 14
2 9
2 10
2 11
2 16
2 7
3 13
3 5
3 4
3 8
3 14
3 9
3 16
3 12
3 15
3 6
4 5
4 11
4 3
4 15
4 16
4 7
4 12
4 14
4 9
5 13
5 9
5 4
5 8
5 10
5 7
5 3
5 15
5 12
5 11
5 2
6 13
6 3
6 15
7 13
7 5
7 4
7 8
7 14
7 9
7 2
7 16
7 10
7 12
8 5
8 14
8 16
8 10
8 9
8 7
8 15
8 2
8 3
8 12
9 13
9 5
9 4
9 8
9 14
9 10
9 7
9 3
9 12
9 16
9 2
10 5
10 8
10 14
10 9
10 2
10 16
10 7
10 11
10 12
11 5
11 4
11 2
11 10
12 13
12 5
12 4
12 8
12 9
12 10
12 7
12 3
12 15
13 3
13 15
13 12
13 16
13 6
13 9
13 5
13 7
14 4
14 8
14 16
14 10
14 9
14 7
14 2
14 3
14 15
15 13
15 5
15 4
15 8
15 14
15 16
15 12
15 3
15 6
16 13
16 4
16 8
16 14
16 9
16 2
16 15
16 10
16 7
16 3
