1 7
2 8
2 13
2 9
2 3
2 10
3 8
3 13
3 9
3 2
3 11
3 10
3 12
4 6
4 17
4 16
5 14
5 15
5 12
5 7
6 8
6 13
6 9
6 12
6 15
6 11
6 10
6 7
6 4
6 16
6 17
7 5
7 13
7 6
7 10
7 1
8 13
8 9
8 3
8 11
8 10
8 12
8 6
8 2
9 8
9 13
9 11
9 10
9 3
9 12
9 16
9 6
9 2
9 15
10 8
10 13
10 9
10 6
10 2
10 7
10 11
10 15
10 12
10 3
10 16
11 8
11 13
11 9
11 6
11 16
11 12
11 10
11 3
11 17
11 15
12 5
12 8
12 13
12 9
12 6
12 11
12 15
12 10
12 14
12 16
12 3
13 8
13 9
13 3
13 11
13 10
13 12
13 2
13 7
13 6
14 5
14 15
14 12
15 5
15 9
15 6
15 11
15 12
15 14
15 10
16 9
16 6
16 4
16 11
16 10
16 12
16 17
17 6
17 4
17 11
17 16
