1 19
1 17
1 4
1 13
1 14
1 11
2 9
2 14
2 12
2 3
2 11
2 6
2 10
3 13
3 14
3 18
3 2
3 11
3 5
3 12
3 6
4 19
4 17
4 16
4 18
4 13
4 8
4 1
4 15
5 9
5 14
5 7
5 10
5 3
5 12
6 17
6 16
6 9
6 13
6 14
6 2
6 7
6 15
6 3
6 8
7 16
7 9
7 13
7 14
7 6
7 5
7 12
8 17
8 16
8 4
8 9
8 12
8 6
9 19
9 17
9 16
9 10
9 8
9 7
9 6
9 18
9 12
9 2
9 13
9 14
9 15
9 5
10 16
10 9
10 2
10 5
10 12
11 19
11 13
11 1
11 18
11 2
11 3
12 9
12 2
12 7
12 10
12 3
12 5
12 8
13 19
13 17
13 16
13 4
13 9
13 18
13 14
13 6
13 1
13 7
13 11
13 15
13 3
14 19
14 17
14 16
14 9
14 13
14 1
14 3
14 6
14 15
14 5
14 7
14 18
14 2
15 19
15 17
15 16
15 4
15 9
15 13
15 14
15 6
16 19
16 17
16 9
16 15
16 6
16 13
16 14
16 7
16 4
16 10
16 8
16 18
17 16
17 15
17 6
17 9
17 13
17 14
17 1
17 4
17 8
18 19
18 16
18 4
18 9
18 13
18 14
18 11
18 3
19 1
19 11
19 4
19 13
19 18
19 15
19 9
19 16
19 14
