1 18
1 12
1 16
1 8
1 5
1 2
2 8
2 13
2 10
2 1
3 12
3 16
3 15
3 8
3 13
3 5
3 17
3 14
4 11
4 9
4 15
4 6
4 5
4 10
4 19
5 11
5 9
5 6
5 8
5 4
5 3
5 1
5 19
6 11
6 9
6 4
6 5
6 8
6 19
6 10
7 16
7 15
7 10
7 17
7 19
8 16
8 15
8 6
8 2
8 5
8 17
8 19
8 3
8 1
9 11
9 4
9 10
9 6
9 13
9 19
9 5
10 11
10 9
10 6
10 13
10 4
10 7
10 2
11 6
11 9
11 4
11 19
11 5
11 10
11 15
11 13
12 16
12 13
12 14
12 15
12 17
12 3
12 1
12 19
13 12
13 16
13 11
13 9
13 15
13 14
13 2
13 19
13 10
13 3
13 17
14 12
14 16
14 15
14 13
14 3
14 19
14 17
15 12
15 16
15 11
15 17
15 4
15 7
15 8
15 3
15 14
15 13
15 19
16 12
16 15
16 17
16 13
16 14
16 1
16 8
16 7
16 3
16 19
17 12
17 16
17 15
17 8
17 13
17 7
17 3
17 19
17 14
18 1
18 19
19 18
19 12
19 16
19 11
19 9
19 15
19 6
19 8
19 13
19 4
19 7
19 5
19 17
19 14
