1 16
1 4
1 8
1 12
1 15
1 3
1 2
1 9
2 7
2 4
2 6
2 17
2 8
2 12
2 1
2 3
2 11
2 15
2 10
3 7
3 4
3 6
3 8
3 12
3 1
3 2
3 10
3 13
3 15
4 5
4 7
4 2
4 3
4 6
4 12
4 8
4 1
4 15
4 10
5 7
5 17
5 6
5 11
5 4
5 8
6 5
6 7
6 4
6 10
6 17
6 11
6 8
6 2
6 3
7 5
7 4
7 6
7 17
7 11
7 8
7 2
7 3
7 10
8 16
8 5
8 7
8 4
8 6
8 9
8 15
8 1
8 10
8 3
8 2
9 16
9 8
9 1
9 10
9 15
10 16
10 7
10 4
10 6
10 8
10 12
10 3
10 2
10 9
11 5
11 7
11 6
11 17
11 2
12 4
12 3
12 13
12 1
12 2
12 10
13 12
13 3
13 15
14 15
15 4
15 8
15 1
15 3
15 2
15 9
15 13
15 14
16 10
16 9
16 1
16 8
17 5
17 7
17 6
17 11
17 2
