1 15
1 9
1 14
1 7
1 8
2 10
2 17
2 4
2 3
2 5
2 6
2 19
2 9
3 17
3 2
3 6
3 5
3 19
3 4
4 17
4 2
4 6
4 5
4 19
4 3
5 17
5 2
5 6
5 15
5 3
5 4
5 19
6 18
6 17
6 2
6 16
6 5
6 3
6 4
6 11
6 7
6 19
6 8
7 10
7 6
7 8
7 11
7 1
7 13
8 10
8 18
8 6
8 7
8 13
8 11
8 1
9 18
9 2
9 15
9 14
9 11
9 19
9 1
10 13
10 18
10 2
10 14
10 8
10 7
10 12
11 18
11 6
11 15
11 9
11 14
11 7
11 8
12 10
12 18
12 17
12 15
12 14
12 16
12 13
13 10
13 18
13 14
13 7
13 16
13 8
13 12
14 10
14 15
14 9
14 16
14 12
14 11
14 1
14 13
14 19
15 9
15 14
15 12
15 16
15 5
15 11
15 1
15 19
16 17
16 6
16 15
16 14
16 12
16 13
17 6
17 16
17 5
17 3
17 2
17 4
17 12
17 19
18 10
18 6
18 12
18 13
18 11
18 9
18 8
19 17
19 2
19 6
19 15
19 9
19 14
19 5
19 3
19 4
