1 17
1 12
1 11
1 13
1 7
1 16
2 12
2 4
2 8
2 11
2 14
2 10
2 15
2 5
2 6
2 9
3 13
4 12
4 14
4 5
4 9
4 10
4 15
4 11
4 2
5 12
5 4
5 11
5 14
5 2
5 15
5 6
6 10
6 2
6 15
6 5
6 9
7 17
7 8
7 11
7 10
7 1
8 17
8 10
8 7
8 11
8 9
8 2
9 4
9 8
9 14
9 10
9 2
9 6
10 4
10 8
10 11
10 14
10 9
10 7
10 2
10 6
11 12
11 4
11 8
11 2
11 16
11 1
11 5
11 14
11 13
11 10
11 7
11 15
12 17
12 13
12 4
12 14
12 2
12 5
12 15
12 11
12 1
13 12
13 11
13 3
13 1
14 12
14 4
14 11
14 15
14 5
14 2
14 9
14 10
15 12
15 4
15 11
15 14
15 2
15 5
15 6
16 17
16 11
16 1
17 16
17 12
17 1
17 8
17 7
