1 2
1 12
1 11
1 8
1 13
1 14
1 16
1 5
1 9
1 10
2 1
2 9
2 8
2 10
2 14
2 12
2 16
2 6
2 13
2 5
2 11
2 15
3 12
3 5
3 4
3 10
3 11
4 9
4 6
4 3
4 10
4 15
4 8
4 16
5 2
5 12
5 1
5 9
5 8
5 10
5 3
5 11
6 2
6 12
6 14
6 15
6 13
6 7
6 11
6 10
6 4
7 6
7 13
7 15
8 2
8 12
8 1
8 9
8 5
8 4
8 11
8 10
9 2
9 12
9 1
9 5
9 8
9 10
9 11
9 4
10 2
10 1
10 9
10 6
10 5
10 3
10 4
10 15
10 8
10 16
10 11
11 2
11 12
11 1
11 9
11 14
11 6
11 5
11 3
11 8
11 10
11 16
12 2
12 16
12 11
12 14
12 5
12 9
12 8
12 1
12 13
12 3
12 6
13 2
13 12
13 1
13 14
13 6
13 7
13 16
14 2
14 12
14 1
14 16
14 13
14 6
14 11
15 2
15 6
15 4
15 7
15 10
16 2
16 12
16 1
16 14
16 4
16 13
16 10
16 11
