1 3
1 20
1 10
1 11
1 4
2 18
2 15
2 3
2 19
2 10
2 16
2 14
2 12
3 7
3 5
3 4
3 8
3 11
3 10
3 14
3 2
3 13
3 16
3 1
4 7
4 3
4 1
4 8
4 5
4 16
4 14
5 7
5 18
5 3
5 6
5 8
5 4
5 14
5 16
6 7
6 18
6 15
6 17
6 16
6 14
6 20
6 5
7 8
7 14
7 6
7 17
7 15
7 16
7 5
7 3
7 4
8 7
8 15
8 3
8 19
8 10
8 14
8 5
8 4
8 17
8 16
9 19
9 20
10 18
10 15
10 3
10 2
10 19
10 20
10 1
10 11
10 12
10 13
10 8
10 16
10 14
11 18
11 3
11 19
11 1
11 10
11 13
11 16
11 12
12 18
12 2
12 10
12 13
12 11
13 18
13 3
13 10
13 12
13 16
13 11
14 7
14 15
14 3
14 6
14 2
14 19
14 10
14 8
14 4
14 5
14 16
14 17
15 7
15 18
15 6
15 17
15 16
15 14
15 2
15 10
15 19
15 8
16 7
16 15
16 3
16 6
16 2
16 19
16 10
16 13
16 8
16 11
16 4
16 5
16 14
16 17
17 7
17 18
17 15
17 6
17 8
17 16
17 14
18 13
18 12
18 5
18 15
18 6
18 17
18 11
18 2
18 10
19 15
19 2
19 9
19 20
19 10
19 8
19 16
19 14
19 11
20 6
20 9
20 19
20 10
20 1
