1 7
1 14
1 5
1 3
1 12
1 4
1 9
1 2
1 8
2 7
2 14
2 5
2 3
2 12
2 4
2 9
2 8
2 1
3 7
3 14
3 9
3 8
3 2
3 1
4 6
4 13
4 16
4 7
4 5
4 12
4 1
4 2
4 8
4 15
5 6
5 13
5 10
5 16
5 7
5 4
5 12
5 8
5 11
5 15
5 1
5 2
6 5
6 11
6 15
6 10
6 4
6 12
6 16
6 14
7 13
7 16
7 8
7 1
7 5
7 4
7 12
7 15
7 3
7 9
7 2
8 13
8 16
8 7
8 5
8 3
8 12
8 4
8 9
8 2
8 1
9 13
9 16
9 7
9 14
9 3
9 8
9 2
9 1
10 6
10 11
10 5
10 15
11 6
11 10
11 16
11 14
11 5
11 15
12 6
12 13
12 16
12 7
12 5
12 4
12 15
12 1
12 2
12 8
13 7
13 16
13 9
13 8
13 5
13 12
13 4
13 15
14 6
14 1
14 2
14 3
14 9
14 15
14 11
15 6
15 13
15 10
15 16
15 7
15 14
15 5
15 12
15 4
15 11
16 6
16 13
16 7
16 15
16 9
16 12
16 5
16 4
16 8
16 11
