1 3
1 2
1 4
1 17
1 11
1 16
1 12
1 15
1 7
1 13
1 10
2 1
2 15
2 10
2 11
2 3
2 9
2 17
2 4
2 13
2 16
2 7
3 1
3 15
3 10
3 11
3 2
3 6
3 5
3 16
3 17
3 4
3 7
3 13
4 1
4 10
4 11
4 12
4 3
4 14
4 9
4 17
4 2
4 13
4 6
4 8
4 16
4 18
5 3
5 8
5 6
5 13
6 12
6 3
6 4
6 8
6 5
6 7
7 1
7 15
7 12
7 3
7 14
7 9
7 8
7 6
7 2
8 15
8 12
8 4
8 6
8 7
8 5
9 15
9 10
9 7
9 16
9 17
9 18
9 4
9 13
9 2
10 1
10 13
10 2
10 4
10 9
10 12
10 3
11 1
11 15
11 16
11 3
11 2
11 12
11 14
11 4
11 17
11 18
12 1
12 15
12 10
12 11
12 16
12 4
12 17
12 7
12 14
12 13
12 8
12 6
13 1
13 10
13 12
13 3
13 9
13 4
13 2
13 5
14 15
14 11
14 12
14 18
14 4
14 16
14 7
15 1
15 7
15 14
15 12
15 8
15 18
15 9
15 11
15 16
15 2
15 3
16 1
16 15
16 11
16 12
16 3
16 14
16 9
16 17
16 4
16 18
16 2
17 1
17 11
17 12
17 3
17 9
17 18
17 16
17 4
17 2
18 15
18 11
18 14
18 9
18 17
18 4
18 16
