1 2
1 17
1 3
1 8
1 7
1 10
2 9
2 3
2 10
2 7
2 8
2 17
2 1
2 12
2 6
3 2
3 17
3 1
3 8
3 6
3 10
3 12
3 7
4 9
4 13
4 5
4 10
5 9
5 13
5 4
5 17
5 7
5 6
5 16
5 10
6 13
6 2
6 17
6 3
6 5
6 12
7 2
7 17
7 3
7 1
7 5
7 10
7 12
7 8
8 2
8 17
8 3
8 1
8 10
8 7
9 10
9 4
9 2
9 17
9 5
9 11
10 9
10 4
10 2
10 17
10 3
10 1
10 5
10 14
10 16
10 15
10 7
10 8
11 9
11 13
11 16
11 15
12 2
12 3
12 6
12 14
12 7
13 6
13 15
13 11
13 4
13 5
14 17
14 10
14 12
15 13
15 17
15 16
15 10
15 11
16 17
16 5
16 15
16 10
16 11
17 9
17 2
17 10
17 7
17 16
17 15
17 8
17 5
17 6
17 3
17 14
17 1
