1 13
1 8
1 15
1 4
2 13
2 7
2 8
2 5
2 3
2 15
2 9
2 12
2 4
2 11
2 6
2 14
3 13
3 8
3 5
3 12
3 2
3 4
3 11
3 15
4 13
4 7
4 5
4 3
4 1
4 2
4 6
5 13
5 7
5 8
5 6
5 2
5 11
5 9
5 14
5 10
5 15
5 3
5 4
6 13
6 7
6 8
6 5
6 15
6 4
6 10
6 11
6 14
6 2
7 13
7 5
7 6
7 8
7 2
7 11
7 4
7 10
7 15
7 14
8 7
8 1
8 11
8 14
8 6
8 3
8 2
8 5
9 13
9 5
9 2
9 11
9 12
10 7
10 5
10 15
10 6
10 14
11 7
11 8
11 5
11 3
11 15
11 9
11 2
11 6
11 14
12 3
12 9
12 2
13 15
13 14
13 1
13 2
13 3
13 4
13 9
13 7
13 5
13 6
14 13
14 7
14 8
14 5
14 15
14 10
14 11
14 6
14 2
15 13
15 7
15 5
15 3
15 14
15 6
15 2
15 11
15 10
15 1
