2 12
2 13
2 6
3 12
3 4
3 5
3 18
3 11
4 12
4 5
4 3
4 19
5 14
5 12
5 4
5 3
5 13
5 6
6 14
6 7
6 5
6 18
6 8
6 2
6 17
6 9
7 14
7 8
7 6
7 18
7 9
7 17
7 11
8 14
8 12
8 7
8 13
8 18
8 11
8 9
8 17
8 6
9 14
9 12
9 7
9 13
9 18
9 11
9 8
9 6
9 17
10 19
10 15
10 11
10 16
11 10
11 14
11 12
11 16
11 7
11 13
11 3
11 9
11 8
11 15
11 19
12 14
12 13
12 11
12 5
12 4
12 3
12 8
12 9
12 17
12 18
12 2
13 14
13 12
13 16
13 5
13 8
13 9
13 17
13 18
13 15
13 2
13 11
14 13
14 8
14 12
14 9
14 17
14 18
14 11
14 7
14 6
14 5
15 10
15 16
15 13
15 11
15 19
16 10
16 15
16 11
16 19
16 13
17 14
17 12
17 7
17 13
17 18
17 8
17 6
17 9
18 14
18 12
18 7
18 13
18 8
18 9
18 17
18 3
18 6
19 10
19 16
19 4
19 11
19 15
