1 2
1 10
1 9
1 16
1 17
1 11
1 8
2 1
2 15
2 16
2 5
2 8
2 3
2 17
2 10
2 13
2 14
2 4
2 7
3 15
3 16
3 12
3 5
3 8
3 14
3 2
3 17
3 13
3 10
3 11
3 4
3 7
4 16
4 5
4 3
4 17
4 13
4 6
4 14
4 2
5 6
5 4
5 2
5 17
5 3
5 14
5 13
6 12
6 5
6 8
6 11
6 4
7 16
7 3
7 17
7 10
7 13
7 2
7 11
8 1
8 15
8 12
8 9
8 2
8 17
8 6
8 3
9 1
9 8
10 1
10 3
10 7
10 2
10 14
10 13
11 1
11 15
11 16
11 3
11 6
11 7
12 8
12 6
12 17
12 3
13 15
13 16
13 5
13 3
13 17
13 10
13 14
13 4
13 7
13 2
14 15
14 16
14 5
14 3
14 17
14 10
14 13
14 4
14 2
15 14
15 13
15 17
15 11
15 3
15 8
15 16
15 2
16 1
16 15
16 11
16 3
16 4
16 14
16 13
16 7
16 2
17 1
17 15
17 12
17 5
17 8
17 3
17 2
17 14
17 13
17 7
17 4
