1 3
1 2
1 6
1 7
1 8
1 9
1 11
1 10
1 12
1 13
2 1
2 3
2 4
2 9
2 16
2 7
3 1
3 2
3 14
3 7
3 9
4 2
4 17
4 10
4 7
4 9
4 18
4 8
4 5
5 17
5 7
5 4
5 18
5 8
6 1
6 11
6 12
6 10
6 13
6 7
6 9
7 1
7 2
7 10
7 6
7 9
7 8
7 3
7 5
7 15
7 4
8 1
8 17
8 10
8 7
8 9
8 4
8 18
8 5
9 1
9 2
9 6
9 7
9 8
9 4
9 15
9 3
10 1
10 11
10 12
10 14
10 17
10 13
10 15
10 8
10 7
10 4
10 6
10 16
11 1
11 12
11 10
11 13
11 17
11 14
11 16
11 6
11 15
12 1
12 11
12 17
12 10
12 14
12 13
12 6
12 18
12 16
13 1
13 11
13 12
13 14
13 17
13 10
13 16
13 6
14 11
14 12
14 17
14 18
14 10
14 13
14 16
14 3
15 11
15 10
15 7
15 9
16 11
16 2
16 12
16 14
16 17
16 10
16 13
17 11
17 12
17 14
17 18
17 10
17 13
17 16
17 8
17 5
17 4
18 12
18 14
18 17
18 4
18 8
18 5
