1 15
1 8
1 19
1 14
1 6
2 4
2 7
2 5
2 3
2 18
2 16
2 6
2 11
2 17
3 4
3 7
3 5
3 16
3 2
3 6
3 18
3 11
3 17
4 15
4 9
4 10
4 7
4 6
4 5
4 3
4 16
4 2
4 13
4 14
4 12
4 19
5 15
5 9
5 10
5 4
5 7
5 6
5 11
5 13
5 3
5 16
5 2
5 12
6 15
6 9
6 10
6 4
6 7
6 5
6 3
6 16
6 1
6 13
6 2
7 15
7 9
7 10
7 4
7 6
7 5
7 3
7 16
7 2
7 14
7 13
7 19
8 15
8 10
8 14
8 1
8 17
9 15
9 10
9 7
9 4
9 6
9 5
9 19
9 18
9 14
9 11
10 15
10 9
10 7
10 4
10 6
10 5
10 8
10 14
10 19
10 11
11 9
11 10
11 5
11 3
11 18
11 16
11 17
11 2
11 13
12 15
12 4
12 5
12 13
13 15
13 4
13 7
13 5
13 6
13 12
13 11
13 14
14 15
14 9
14 10
14 4
14 7
14 8
14 1
14 19
14 13
15 13
15 14
15 4
15 12
15 6
15 5
15 7
15 8
15 10
15 9
15 19
15 1
16 4
16 7
16 5
16 3
16 18
16 2
16 17
16 11
16 6
17 3
17 18
17 16
17 8
17 11
17 2
18 9
18 3
18 17
18 16
18 11
18 2
18 19
19 15
19 9
19 10
19 4
19 7
19 18
19 1
19 14
