1 12
1 3
1 14
1 8
1 2
1 10
1 9
2 12
2 6
2 11
2 14
2 1
2 10
2 5
2 13
2 17
2 4
3 12
3 11
3 9
3 1
3 15
3 10
3 8
3 14
4 12
4 6
4 11
4 16
4 2
4 7
4 13
4 17
4 5
5 6
5 11
5 2
5 7
5 13
5 4
6 5
6 4
6 2
6 11
6 13
6 14
7 11
7 8
7 5
7 13
7 4
8 12
8 3
8 14
8 10
8 9
8 7
8 1
8 17
9 12
9 11
9 3
9 14
9 8
9 10
9 1
9 17
9 15
10 12
10 3
10 14
10 8
10 2
10 9
10 1
10 17
11 6
11 13
11 5
11 15
11 16
11 2
11 7
11 9
11 3
11 4
12 1
12 10
12 14
12 3
12 9
12 4
12 2
12 8
13 6
13 11
13 16
13 14
13 2
13 7
13 5
13 4
13 17
13 15
14 12
14 6
14 16
14 3
14 17
14 13
14 9
14 10
14 8
14 2
14 1
15 11
15 16
15 3
15 13
15 17
15 9
16 11
16 17
16 15
16 4
16 13
16 14
17 16
17 14
17 8
17 2
17 10
17 13
17 9
17 4
17 15
