1 15
1 5
1 9
1 7
1 4
1 2
1 12
1 3
1 8
2 14
2 15
2 5
2 9
2 7
2 13
2 1
2 3
2 4
2 12
2 16
3 14
3 15
3 5
3 9
3 7
3 1
3 8
3 2
3 4
3 12
4 15
4 5
4 11
4 10
4 9
4 7
4 1
4 2
4 3
4 12
5 14
5 9
5 7
5 8
5 1
5 2
5 3
5 4
6 14
6 11
6 10
6 13
7 14
7 5
7 9
7 1
7 12
7 8
7 4
7 2
7 3
8 14
8 5
8 9
8 7
8 1
8 3
8 12
9 14
9 5
9 7
9 8
9 3
9 1
9 12
9 2
9 4
10 11
10 6
10 13
10 4
11 14
11 15
11 10
11 6
11 4
11 13
12 9
12 7
12 13
12 1
12 8
12 2
12 3
12 4
13 15
13 11
13 10
13 2
13 6
13 12
14 3
14 11
14 6
14 8
14 7
14 9
14 2
14 15
14 5
15 14
15 2
15 13
15 11
15 16
15 3
15 1
15 4
16 15
16 2
