1 11
1 16
1 7
1 8
1 2
1 3
2 1
2 11
2 3
2 14
2 8
3 1
3 11
3 15
3 2
3 14
3 8
3 6
3 5
4 10
4 15
4 7
4 13
4 8
4 9
4 16
4 12
5 10
5 15
5 3
5 14
5 6
6 10
6 15
6 7
6 3
6 9
6 5
6 8
7 1
7 10
7 11
7 15
7 4
7 13
7 8
7 9
7 12
7 6
8 1
8 10
8 11
8 15
8 4
8 7
8 3
8 9
8 2
8 13
8 6
8 12
9 10
9 15
9 4
9 7
9 12
9 6
9 8
9 16
9 13
10 9
10 6
10 12
10 15
10 7
10 4
10 13
10 8
10 5
11 1
11 7
11 8
11 16
11 2
11 3
11 15
12 10
12 4
12 7
12 9
12 13
12 8
12 16
13 10
13 4
13 7
13 9
13 12
13 8
14 3
14 2
14 5
15 10
15 11
15 7
15 8
15 9
15 16
15 4
15 3
15 6
15 5
16 1
16 11
16 15
16 4
16 9
16 12
