1 5
1 6
1 9
1 10
1 3
1 11
1 4
1 13
1 12
1 16
2 8
2 6
2 9
2 10
2 3
2 16
2 11
3 8
3 15
3 6
3 9
3 7
3 10
3 2
3 16
3 12
3 13
3 1
3 11
4 15
4 5
4 6
4 1
4 16
5 4
5 17
5 6
5 1
6 5
6 17
6 3
6 2
6 1
6 14
6 4
7 17
7 9
7 16
7 3
7 14
7 10
7 11
8 11
8 10
8 9
8 15
8 16
8 2
8 3
9 8
9 15
9 10
9 11
9 2
9 13
9 16
9 3
9 7
9 1
9 14
10 8
10 9
10 7
10 11
10 1
10 16
10 3
10 13
10 12
10 2
11 8
11 15
11 9
11 7
11 10
11 2
11 3
11 16
11 1
11 13
12 10
12 3
12 1
12 14
12 13
12 16
13 15
13 17
13 9
13 10
13 3
13 11
13 1
13 12
13 16
13 14
14 17
14 6
14 9
14 7
14 12
14 13
15 8
15 16
15 9
15 11
15 13
15 4
15 3
16 8
16 15
16 9
16 7
16 10
16 2
16 3
16 11
16 1
16 4
16 12
16 13
17 5
17 14
17 13
17 7
17 6
