1 4
1 3
1 20
1 2
1 15
1 5
1 14
1 9
1 7
1 11
1 16
1 17
1 8
1 19
2 4
2 3
2 1
2 14
2 5
2 15
2 11
2 9
2 8
2 17
3 4
3 2
3 1
3 5
3 10
3 14
3 15
3 6
3 17
3 16
3 8
3 7
3 11
3 9
4 2
4 1
4 3
4 14
4 15
4 11
4 9
4 5
4 8
4 16
4 17
5 4
5 3
5 10
5 2
5 1
5 14
5 6
5 17
5 16
5 7
6 3
6 10
6 5
7 3
7 1
7 13
7 11
7 5
7 12
7 15
7 18
8 4
8 3
8 10
8 20
8 2
8 1
8 9
8 15
9 4
9 3
9 20
9 2
9 1
9 8
9 15
10 3
10 6
10 5
10 17
10 8
11 4
11 3
11 2
11 1
11 13
11 14
11 7
11 19
12 13
12 7
12 19
13 12
13 19
13 7
13 11
13 15
13 14
13 18
14 4
14 3
14 2
14 1
14 13
14 11
14 19
14 5
14 15
15 4
15 3
15 20
15 2
15 1
15 13
15 14
15 9
15 16
15 17
15 7
15 19
15 8
16 4
16 3
16 1
16 5
16 17
16 15
16 18
17 4
17 3
17 10
17 20
17 2
17 1
17 5
17 16
17 15
17 19
17 18
18 13
18 16
18 7
18 17
19 20
19 1
19 13
19 14
19 11
19 12
19 15
19 17
20 19
20 9
20 8
20 1
20 15
20 17
