1 2
1 8
1 3
2 15
2 4
2 3
2 14
2 1
2 5
2 16
2 10
2 11
3 15
3 4
3 2
3 14
3 12
3 10
3 16
3 13
3 11
3 1
4 15
4 10
4 16
4 5
4 13
4 11
4 12
4 2
4 3
4 14
5 15
5 4
5 2
5 17
5 14
5 10
5 16
6 17
6 7
6 9
7 6
7 8
7 9
7 12
7 16
8 9
8 7
8 1
8 17
8 12
9 6
9 8
9 7
9 12
9 16
9 17
10 4
10 2
10 17
10 12
10 13
10 11
10 16
10 5
10 3
11 15
11 4
11 2
11 17
11 14
11 12
11 10
11 16
11 13
11 3
12 4
12 8
12 9
12 17
12 11
12 10
12 13
12 7
12 3
12 16
13 15
13 4
13 17
13 14
13 12
13 10
13 16
13 11
13 3
14 15
14 4
14 2
14 17
14 5
14 11
14 13
14 3
15 14
15 13
15 4
15 5
15 2
15 17
15 11
15 3
16 4
16 2
16 9
16 12
16 10
16 5
16 7
16 3
16 13
16 11
17 6
17 15
17 8
17 9
17 14
17 12
17 13
17 11
17 10
17 5
