1 16
1 8
1 15
1 7
1 3
1 4
1 13
1 14
2 4
2 15
2 9
2 3
2 5
3 10
3 2
3 6
3 1
3 13
3 12
3 15
3 9
3 14
3 4
3 8
3 11
3 7
4 2
4 5
4 1
4 12
4 9
4 3
4 11
4 8
5 10
5 2
5 4
5 7
5 13
5 14
5 15
5 18
6 15
6 11
6 3
6 12
6 14
6 17
6 13
7 16
7 5
7 1
7 13
7 15
7 17
7 14
7 3
7 11
8 1
8 13
8 15
8 14
8 4
8 3
9 2
9 13
9 15
9 14
9 3
9 11
9 4
10 16
10 18
10 12
10 5
10 11
10 3
10 17
10 14
11 16
11 10
11 6
11 13
11 15
11 9
11 14
11 4
11 3
11 7
12 16
12 10
12 6
12 18
12 13
12 3
12 4
12 15
12 14
12 17
13 16
13 6
13 5
13 18
13 1
13 14
13 15
13 11
13 3
13 7
13 17
13 8
13 9
13 12
14 16
14 10
14 6
14 5
14 1
14 13
14 12
14 15
14 9
14 17
14 11
14 3
14 7
14 8
15 16
15 2
15 6
15 5
15 1
15 13
15 12
15 14
15 8
15 17
15 9
15 7
15 11
15 3
16 7
16 17
16 13
16 14
16 15
16 1
16 11
16 12
16 18
16 10
17 16
17 10
17 6
17 18
17 13
17 12
17 15
17 14
17 7
18 16
18 10
18 5
18 12
18 17
18 13
