1 2
1 10
1 6
1 17
1 5
1 4
1 15
2 9
2 11
2 6
2 1
2 10
2 5
2 4
2 3
2 15
2 17
2 18
2 8
2 19
3 12
3 9
3 2
3 10
3 8
3 18
3 6
4 12
4 9
4 14
4 2
4 10
4 13
4 6
4 17
4 5
4 8
4 7
4 18
4 15
4 1
5 9
5 2
5 10
5 6
5 17
5 15
5 1
5 4
5 18
6 9
6 11
6 2
6 10
6 3
6 5
6 4
6 19
6 1
6 8
6 17
6 15
6 18
7 12
7 13
7 19
7 4
8 9
8 2
8 10
8 16
8 3
8 6
8 4
9 10
9 8
9 16
9 6
9 5
9 4
9 2
9 11
9 19
9 3
10 9
10 11
10 2
10 6
10 8
10 5
10 4
10 1
10 16
10 19
10 3
10 17
10 18
11 12
11 9
11 14
11 13
11 18
11 17
11 2
11 10
11 6
12 13
12 4
12 11
12 14
12 18
12 19
12 7
12 3
13 12
13 11
13 14
13 4
13 7
14 12
14 11
14 13
14 18
14 17
14 4
15 2
15 6
15 5
15 4
15 1
15 18
16 9
16 10
16 8
17 11
17 14
17 2
17 10
17 6
17 18
17 4
17 5
17 1
18 12
18 11
18 14
18 2
18 10
18 3
18 6
18 17
18 5
18 4
18 15
19 12
19 9
19 2
19 10
19 6
19 7
