1 4
1 8
1 2
1 17
1 16
1 7
1 6
1 5
1 10
1 15
1 12
1 3
1 14
2 1
2 8
2 12
2 19
2 5
2 18
2 15
3 4
3 1
3 11
3 8
3 17
3 15
3 14
3 5
3 16
3 9
4 5
4 3
4 8
4 1
4 11
4 13
4 18
4 19
4 15
5 4
5 1
5 13
5 6
5 11
5 7
5 8
5 2
5 15
5 3
6 1
6 8
6 7
6 18
6 11
6 5
6 10
7 1
7 6
7 11
7 8
7 18
7 5
7 19
7 10
8 4
8 1
8 6
8 11
8 7
8 18
8 2
8 15
8 14
8 5
8 3
8 17
8 16
8 10
9 13
9 17
9 10
9 15
9 16
9 3
10 1
10 13
10 6
10 7
10 8
10 17
10 16
10 9
10 14
10 18
10 19
11 4
11 6
11 17
11 14
11 19
11 16
11 3
11 5
11 7
11 8
12 1
12 17
12 2
12 15
12 19
12 18
12 14
13 4
13 9
13 5
13 17
13 16
13 10
14 1
14 11
14 8
14 17
14 10
14 12
14 19
14 15
14 3
14 16
14 18
15 4
15 1
15 8
15 17
15 12
15 2
15 3
15 9
15 5
15 14
15 16
16 1
16 13
16 11
16 8
16 17
16 10
16 19
16 15
16 14
16 3
16 18
16 9
17 1
17 13
17 11
17 8
17 14
17 19
17 16
17 3
17 15
17 12
17 9
17 18
17 10
18 4
18 6
18 7
18 8
18 17
18 10
18 12
18 19
18 2
18 14
18 16
19 4
19 11
19 7
19 17
19 10
19 12
19 14
19 18
19 16
19 2
