1 11
1 12
1 10
1 2
2 13
2 16
2 1
3 9
3 8
3 4
4 9
4 12
4 3
4 15
4 6
4 16
4 5
4 7
5 9
5 12
5 6
5 16
5 7
5 4
5 8
6 11
6 14
6 9
6 12
6 13
6 4
6 7
6 5
6 16
6 8
7 11
7 9
7 12
7 6
7 16
7 5
7 4
8 9
8 12
8 3
8 6
8 16
8 5
9 11
9 14
9 12
9 8
9 6
9 5
9 16
9 13
9 3
9 4
9 7
10 11
10 12
10 16
10 1
11 12
11 15
11 7
11 10
11 1
11 14
11 9
11 6
12 11
12 14
12 9
12 6
12 8
12 10
12 1
12 13
12 7
12 4
12 5
12 16
13 14
13 9
13 12
13 2
13 15
13 6
14 11
14 13
14 16
14 12
14 9
14 6
15 11
15 13
15 4
16 14
16 9
16 12
16 6
16 4
16 5
16 7
16 10
16 8
16 2
