1 2
1 13
1 16
1 17
1 6
1 5
1 12
1 4
1 18
1 3
1 9
2 1
2 5
2 4
2 16
2 6
2 13
2 9
2 3
2 18
2 12
3 2
3 13
3 11
3 16
3 17
3 6
3 10
3 4
3 18
3 9
3 1
3 15
4 2
4 16
4 17
4 12
4 1
4 18
4 3
4 9
5 2
5 13
5 14
5 6
5 7
5 1
6 2
6 13
6 14
6 7
6 5
6 1
6 3
7 13
7 11
7 14
7 6
7 10
7 5
7 15
7 9
8 10
8 9
8 11
8 15
9 8
9 2
9 11
9 16
9 17
9 14
9 10
9 12
9 4
9 18
9 3
9 15
9 7
9 1
10 8
10 13
10 11
10 16
10 17
10 14
10 9
10 7
10 15
10 12
10 18
10 3
11 8
11 10
11 9
11 12
11 17
11 18
11 15
11 16
11 3
11 14
11 7
12 2
12 11
12 10
12 4
12 9
12 1
13 2
13 14
13 6
13 10
13 17
13 5
13 7
13 1
13 3
14 13
14 11
14 17
14 7
14 10
14 15
14 6
14 5
14 9
15 8
15 11
15 14
15 10
15 3
15 9
15 7
16 2
16 11
16 17
16 18
16 4
16 1
16 10
16 3
16 9
17 13
17 11
17 16
17 18
17 10
17 4
17 1
17 3
17 9
17 14
18 2
18 11
18 16
18 17
18 10
18 4
18 1
18 9
18 3
