1 2
1 16
2 1
2 10
2 9
2 12
2 16
3 7
3 11
3 4
3 8
3 10
4 7
4 11
4 15
4 5
4 9
4 6
4 12
4 3
5 13
5 7
5 11
5 14
5 15
5 6
5 4
5 9
5 12
6 7
6 11
6 15
6 5
6 9
6 4
6 12
6 8
6 10
7 15
7 8
7 3
7 16
7 11
7 14
7 10
7 6
7 9
7 12
7 4
7 5
8 13
8 7
8 14
8 15
8 9
8 12
8 6
8 3
8 10
9 7
9 11
9 2
9 5
9 10
9 6
9 12
9 4
9 8
10 7
10 2
10 9
10 12
10 8
10 6
10 3
11 7
11 4
11 16
11 6
11 5
11 12
11 9
11 15
11 3
12 7
12 11
12 2
12 5
12 9
12 4
12 6
12 8
12 10
13 14
13 8
13 5
14 13
14 7
14 8
14 5
15 7
15 11
15 16
15 4
15 5
15 6
15 8
16 7
16 11
16 2
16 15
16 1
