1 9
1 15
1 11
1 5
1 2
2 9
2 4
2 10
2 11
2 5
2 1
2 14
3 15
3 10
3 11
4 9
4 12
4 7
4 10
4 5
4 2
4 11
4 16
5 9
5 12
5 8
5 7
5 4
5 10
5 11
5 1
5 2
5 16
6 13
6 7
6 16
6 8
7 9
7 15
7 6
7 13
7 8
7 16
7 4
7 5
7 14
7 11
7 10
8 9
8 6
8 7
8 16
8 5
8 11
9 8
9 5
9 11
9 2
9 4
9 12
9 7
9 16
9 10
9 1
10 9
10 7
10 4
10 11
10 2
10 5
10 3
10 16
11 9
11 12
11 8
11 7
11 4
11 10
11 5
11 2
11 16
11 3
11 1
12 9
12 13
12 15
12 16
12 4
12 5
12 11
13 12
13 6
13 7
13 14
14 13
14 7
14 16
14 2
15 12
15 16
15 1
15 7
15 3
16 9
16 12
16 15
16 6
16 8
16 7
16 4
16 10
16 11
16 5
16 14
