1 5
1 10
1 15
2 11
2 4
2 6
2 7
2 16
2 3
2 10
2 14
2 12
2 17
3 11
3 4
3 6
3 9
3 16
3 8
3 2
3 14
3 12
3 15
4 11
4 6
4 2
4 3
4 12
4 16
4 5
4 14
5 4
5 6
5 16
5 13
5 12
5 17
5 1
5 14
5 15
6 11
6 4
6 5
6 16
6 12
6 2
6 3
6 17
6 15
7 9
7 13
7 17
7 2
8 9
8 14
8 3
8 13
9 11
9 7
9 8
9 13
9 12
9 14
9 3
10 1
10 2
10 17
11 12
11 14
11 3
11 2
11 4
11 16
11 6
11 9
11 13
12 11
12 4
12 6
12 9
12 16
12 5
12 2
12 14
12 13
12 3
13 11
13 7
13 9
13 5
13 8
13 12
14 11
14 4
14 9
14 5
14 8
14 2
14 15
14 3
14 12
15 6
15 5
15 1
15 14
15 17
15 3
16 11
16 4
16 6
16 12
16 5
16 2
16 3
17 6
17 7
17 5
17 2
17 10
17 15
