1 12
1 2
1 8
1 11
1 17
1 9
1 14
1 6
2 12
2 1
2 11
2 17
2 8
2 4
2 5
2 7
2 9
2 13
2 6
2 10
2 14
2 18
2 16
3 15
3 12
3 7
3 18
3 9
3 19
3 10
4 12
4 2
4 14
4 17
4 11
4 16
4 5
4 13
5 15
5 12
5 2
5 14
5 17
5 11
5 18
5 16
5 4
5 13
6 15
6 12
6 1
6 2
6 7
6 14
6 8
6 10
7 12
7 2
7 3
7 19
7 9
7 17
7 11
7 6
7 14
8 1
8 2
8 14
8 6
8 9
9 1
9 2
9 7
9 14
9 8
9 3
9 18
10 2
10 17
10 11
10 3
10 6
11 12
11 1
11 2
11 7
11 14
11 17
11 10
11 4
11 5
11 18
11 16
11 13
12 7
12 3
12 2
12 1
12 17
12 11
12 6
12 4
12 5
13 15
13 2
13 17
13 11
13 18
13 16
13 5
13 4
14 1
14 2
14 7
14 8
14 17
14 11
14 4
14 5
14 9
14 6
14 19
15 6
15 3
15 16
15 13
15 5
16 15
16 2
16 17
16 11
16 18
16 5
16 13
16 4
17 12
17 1
17 2
17 7
17 14
17 18
17 11
17 16
17 10
17 13
17 5
17 4
18 2
18 17
18 11
18 3
18 16
18 9
18 5
18 13
19 7
19 14
19 3
