1 12
1 2
1 9
1 14
1 13
1 5
1 15
1 7
1 10
1 11
1 3
1 6
1 4
2 1
2 15
2 5
2 12
2 10
2 11
2 16
3 1
3 4
3 5
3 6
3 12
3 14
3 15
3 8
3 11
3 10
3 9
3 7
4 1
4 3
4 8
4 5
4 6
4 15
4 12
4 9
4 14
5 1
5 3
5 8
5 4
5 15
5 6
5 2
5 14
5 9
5 12
6 1
6 3
6 8
6 4
6 7
6 15
6 9
6 5
6 12
6 14
7 1
7 3
7 11
7 15
7 13
7 9
7 6
7 12
7 10
7 16
8 3
8 4
8 6
8 5
9 1
9 3
9 4
9 7
9 6
9 5
9 12
10 1
10 3
10 7
10 13
10 12
10 11
10 2
10 14
10 16
11 1
11 3
11 7
11 15
11 12
11 10
11 2
11 14
12 1
12 3
12 4
12 7
12 13
12 6
12 5
12 14
12 9
12 10
12 11
12 2
12 16
13 1
13 7
13 14
13 12
13 16
13 10
14 1
14 3
14 4
14 13
14 15
14 6
14 5
14 12
14 10
14 11
14 16
15 1
15 3
15 4
15 7
15 5
15 11
15 16
15 6
15 14
15 2
16 7
16 13
16 15
16 12
16 10
16 2
16 14
