1 4
1 5
1 8
1 7
1 9
1 14
1 12
1 15
2 6
2 17
2 18
2 4
2 13
2 3
2 11
3 10
3 17
3 18
3 4
3 5
3 8
3 2
3 15
3 19
3 13
4 10
4 17
4 18
4 5
4 3
4 14
4 9
4 1
4 19
4 15
4 2
5 10
5 17
5 18
5 4
5 14
5 9
5 1
5 15
5 3
5 7
5 8
5 19
6 13
6 2
6 11
7 10
7 5
7 8
7 9
7 1
7 14
7 15
8 10
8 5
8 7
8 9
8 3
8 15
8 13
8 14
8 1
9 10
9 4
9 5
9 8
9 7
9 1
9 15
9 14
10 15
10 5
10 4
10 14
10 8
10 9
10 7
10 3
11 6
11 17
11 18
11 2
11 19
12 1
12 14
12 15
12 13
13 6
13 18
13 8
13 2
13 3
13 19
13 12
13 16
14 10
14 17
14 4
14 5
14 8
14 7
14 1
14 12
14 15
14 9
14 16
15 10
15 17
15 4
15 5
15 8
15 7
15 3
15 1
15 12
15 14
15 16
15 9
16 15
16 14
16 13
17 18
17 19
17 4
17 3
17 11
17 5
17 14
17 15
17 2
18 17
18 19
18 3
18 4
18 13
18 11
18 5
18 2
19 17
19 18
19 4
19 5
19 3
19 11
19 13
