1 6
1 14
1 16
1 5
1 10
1 19
1 2
1 20
1 4
1 18
2 16
2 5
2 10
2 19
2 11
2 1
2 20
2 18
3 14
3 16
3 17
3 10
3 15
3 13
3 4
3 20
4 16
4 10
4 7
4 3
4 8
4 1
5 14
5 16
5 17
5 8
5 13
5 15
5 2
5 1
5 7
6 7
6 8
6 18
6 15
6 20
6 16
6 1
6 9
7 6
7 5
7 17
7 8
7 20
7 15
7 4
7 12
7 19
7 9
7 11
7 13
8 6
8 14
8 16
8 5
8 17
8 7
8 15
8 13
8 19
8 12
8 20
8 4
9 6
9 14
9 7
9 11
9 20
9 12
10 14
10 16
10 17
10 3
10 20
10 15
10 2
10 1
10 4
10 13
11 7
11 9
11 2
12 7
12 13
12 9
12 19
12 8
12 18
13 14
13 16
13 5
13 17
13 10
13 7
13 15
13 8
13 19
13 12
13 3
14 16
14 15
14 17
14 20
14 18
14 3
14 10
14 1
14 9
14 5
14 13
14 8
15 6
15 14
15 16
15 5
15 17
15 10
15 7
15 20
15 18
15 3
15 8
15 13
16 6
16 14
16 17
16 15
16 2
16 4
16 3
16 10
16 1
16 5
16 13
16 8
16 20
16 18
17 14
17 16
17 5
17 13
17 8
17 15
17 3
17 10
17 18
17 7
17 20
18 6
18 14
18 16
18 17
18 15
18 19
18 2
18 12
18 1
19 7
19 13
19 18
19 12
19 8
19 1
19 2
20 6
20 14
20 16
20 17
20 10
20 7
20 15
20 9
20 3
20 8
20 2
20 1
