1 5
1 8
1 15
1 11
1 13
1 2
1 17
1 16
1 14
2 5
2 6
2 8
2 9
2 3
2 4
2 16
2 14
2 1
3 5
3 6
3 8
3 9
3 2
3 4
3 16
3 14
4 5
4 6
4 8
4 15
4 9
4 2
4 3
4 16
4 14
5 6
5 2
5 3
5 12
5 1
5 4
6 5
6 3
6 2
6 14
6 12
6 4
7 12
7 8
7 9
7 17
7 14
7 16
7 10
8 12
8 16
8 10
8 9
8 14
8 17
8 3
8 2
8 4
8 11
8 7
8 1
9 12
9 8
9 10
9 2
9 4
9 3
9 11
9 7
9 17
9 16
9 14
9 13
10 12
10 8
10 9
10 17
10 14
10 16
10 7
11 8
11 9
11 1
11 14
11 16
12 5
12 6
12 15
12 13
12 7
12 9
12 10
12 8
12 16
12 17
13 12
13 15
13 9
13 1
14 6
14 8
14 9
14 11
14 2
14 4
14 1
14 3
14 17
14 16
14 7
14 10
15 12
15 13
15 4
15 1
16 12
16 8
16 9
16 11
16 2
16 4
16 1
16 3
16 17
16 14
16 10
16 7
17 12
17 8
17 9
17 1
17 7
17 10
17 16
17 14
