1 2
1 17
1 8
1 18
1 11
1 14
2 16
2 1
2 8
2 9
2 11
2 6
2 18
2 17
2 14
2 7
2 10
3 5
3 4
3 12
3 7
3 6
3 15
3 14
3 11
3 10
3 9
3 17
4 5
4 3
4 17
4 15
4 7
4 12
4 14
5 16
5 3
5 4
5 17
5 7
5 14
5 12
5 15
6 16
6 3
6 9
6 11
6 7
6 18
6 2
6 12
7 16
7 5
7 3
7 9
7 11
7 6
7 18
7 2
7 10
7 4
7 12
8 1
8 17
8 13
8 12
8 15
8 2
9 16
9 3
9 11
9 10
9 14
9 15
9 18
9 2
9 17
9 7
9 6
9 12
10 16
10 3
10 9
10 11
10 18
10 2
10 12
10 7
11 16
11 1
11 3
11 9
11 18
11 10
11 2
11 12
11 7
11 6
11 17
12 16
12 8
12 5
12 3
12 9
12 11
12 6
12 17
12 10
12 7
12 4
13 8
14 1
14 5
14 3
14 9
14 2
14 15
14 4
15 16
15 8
15 5
15 3
15 9
15 14
15 4
16 6
16 9
16 18
16 11
16 2
16 15
16 7
16 12
16 5
16 10
17 1
17 8
17 5
17 3
17 9
17 11
17 18
17 12
17 4
17 2
18 16
18 1
18 9
18 11
18 6
18 2
18 10
18 17
18 7
