1 12
1 7
1 13
1 8
1 9
1 3
1 10
2 12
2 11
2 13
2 10
2 6
3 12
3 7
3 13
3 8
3 9
3 1
3 6
3 14
3 10
4 11
4 9
4 5
4 14
4 6
5 12
5 11
5 7
5 13
5 8
5 9
5 4
5 14
5 6
6 2
6 13
6 4
6 3
6 5
6 14
7 12
7 15
7 11
7 9
7 8
7 13
7 5
7 17
7 16
7 1
7 3
8 12
8 11
8 7
8 13
8 1
8 3
8 9
8 10
8 5
9 12
9 11
9 7
9 13
9 8
9 5
9 1
9 3
9 4
10 2
10 13
10 8
10 1
10 3
10 14
11 12
11 9
11 5
11 13
11 8
11 7
11 2
11 4
12 7
12 13
12 1
12 8
12 3
12 9
12 11
12 5
12 2
12 17
12 15
12 16
13 12
13 11
13 7
13 2
13 17
13 10
13 1
13 8
13 3
13 9
13 5
13 6
14 16
14 17
14 4
14 3
14 10
14 5
14 6
15 12
15 17
15 16
15 7
16 12
16 15
16 7
16 17
16 14
17 12
17 15
17 7
17 16
17 13
17 14
