1 16
1 6
2 4
2 3
2 5
2 7
2 10
2 16
2 15
2 11
2 14
2 9
3 2
3 15
3 4
3 8
3 10
3 11
3 5
3 7
3 16
3 9
3 14
4 2
4 15
4 11
4 14
4 3
4 10
4 16
4 5
4 7
4 9
5 2
5 15
5 4
5 7
5 6
5 3
5 16
6 12
6 5
6 7
6 1
7 2
7 15
7 4
7 8
7 12
7 5
7 9
7 3
7 6
7 16
8 13
8 12
8 9
8 3
8 7
8 11
8 10
9 2
9 4
9 13
9 8
9 12
9 7
9 3
10 2
10 15
10 4
10 13
10 8
10 16
10 11
10 3
10 14
10 12
11 2
11 15
11 4
11 13
11 8
11 10
11 14
11 12
11 16
11 3
12 8
12 10
12 11
12 9
12 7
12 6
13 15
13 10
13 11
13 8
13 9
14 2
14 4
14 10
14 11
14 3
15 2
15 10
15 16
15 5
15 7
15 11
15 13
15 4
15 3
16 2
16 15
16 4
16 10
16 11
16 5
16 7
16 3
16 1
