1 10
1 11
1 2
1 16
1 6
1 15
1 4
1 5
2 3
2 9
2 16
2 6
2 1
2 14
2 7
2 15
3 2
3 14
3 7
3 16
3 13
3 15
3 9
3 12
4 9
4 10
4 11
4 16
4 6
4 15
4 13
4 5
4 14
4 8
4 1
4 12
5 9
5 10
5 11
5 16
5 6
5 15
5 4
5 13
5 1
6 9
6 10
6 11
6 2
6 16
6 5
6 1
6 4
6 8
7 3
7 9
7 10
7 2
7 16
7 15
7 13
7 14
7 12
8 9
8 11
8 6
8 4
8 13
9 3
9 13
9 4
9 8
9 16
9 15
9 14
9 6
9 7
9 2
9 11
9 10
9 5
9 12
10 9
10 11
10 5
10 1
10 7
10 4
10 13
10 6
10 12
11 9
11 10
11 8
11 5
11 1
11 4
11 13
11 12
11 6
12 3
12 9
12 10
12 11
12 4
12 13
12 14
12 7
13 3
13 9
13 10
13 11
13 16
13 15
13 4
13 14
13 5
13 7
13 8
13 12
14 3
14 9
14 2
14 16
14 15
14 4
14 13
14 7
14 12
15 3
15 9
15 2
15 16
15 14
15 7
15 1
15 5
15 4
15 13
16 3
16 9
16 2
16 15
16 4
16 13
16 6
16 5
16 1
16 14
16 7
