1 15
1 7
1 5
1 4
1 16
1 13
1 6
2 15
2 7
2 14
2 8
2 4
2 13
2 6
2 5
2 9
2 10
2 11
2 16
3 7
3 12
3 11
3 9
3 8
4 2
4 8
4 13
4 1
5 15
5 7
5 2
5 6
5 16
5 8
5 11
5 12
5 10
5 9
5 13
5 1
6 7
6 2
6 5
6 12
6 8
6 16
6 11
6 13
6 10
6 1
7 15
7 8
7 9
7 5
7 16
7 2
7 1
7 14
7 3
7 6
8 15
8 7
8 14
8 2
8 3
8 5
8 9
8 4
8 16
8 6
8 10
8 11
9 15
9 7
9 14
9 2
9 3
9 5
9 8
9 16
10 14
10 2
10 5
10 12
10 8
10 11
10 6
11 2
11 3
11 5
11 12
11 8
11 10
11 6
12 3
12 5
12 11
12 10
12 6
13 2
13 5
13 4
13 6
13 1
14 15
14 7
14 9
14 2
14 8
14 16
14 10
15 16
15 14
15 9
15 7
15 5
15 8
15 2
15 1
16 15
16 7
16 14
16 2
16 5
16 8
16 9
16 6
16 1
