1 9
1 17
1 5
1 16
1 2
1 3
1 11
1 12
1 6
2 4
2 7
2 9
2 17
2 5
2 16
2 3
2 1
2 12
2 6
2 8
2 11
3 7
3 9
3 17
3 5
3 16
3 2
3 1
3 6
3 13
3 14
3 8
3 12
3 11
4 7
4 15
4 18
4 2
4 9
4 8
4 16
4 17
4 14
5 7
5 9
5 15
5 8
5 1
5 3
5 2
6 2
6 3
6 1
6 13
7 4
7 9
7 15
7 8
7 3
7 2
7 18
7 16
7 17
7 5
8 4
8 7
8 9
8 5
8 10
8 2
8 15
8 3
9 4
9 7
9 8
9 3
9 15
9 13
9 14
9 5
9 2
9 1
10 15
10 8
10 14
10 18
11 17
11 16
11 2
11 3
11 1
11 12
12 17
12 16
12 2
12 15
12 3
12 1
12 11
13 9
13 16
13 3
13 14
13 6
13 18
14 4
14 9
14 16
14 10
14 3
14 18
14 13
15 4
15 7
15 9
15 17
15 5
15 16
15 10
15 12
15 8
15 18
16 4
16 7
16 17
16 13
16 14
16 15
16 1
16 11
16 12
16 2
16 3
17 4
17 7
17 12
17 16
17 1
17 11
17 15
17 2
17 3
18 4
18 7
18 10
18 15
18 14
18 13
