1 3
1 5
1 2
1 6
1 16
1 12
1 14
1 8
1 17
2 15
2 3
2 1
2 16
2 6
2 9
2 12
2 14
3 11
3 15
3 16
3 2
3 12
3 6
3 8
3 1
3 17
3 13
3 10
3 5
4 7
4 10
4 6
4 5
5 4
5 3
5 1
5 16
5 8
5 6
5 7
5 17
5 12
6 4
6 11
6 3
6 1
6 16
6 8
6 12
6 5
6 7
6 13
6 10
6 2
6 17
7 4
7 6
7 10
7 5
8 11
8 15
8 3
8 1
8 16
8 5
8 14
8 13
8 6
8 12
9 11
9 15
9 2
9 10
9 14
9 13
9 12
10 4
10 11
10 15
10 3
10 16
10 6
10 9
10 7
10 13
10 12
10 14
11 12
11 13
11 16
11 3
11 6
11 9
11 10
11 8
12 11
12 3
12 1
12 16
12 8
12 6
12 2
12 9
12 10
12 13
12 5
12 17
13 11
13 3
13 16
13 8
13 6
13 9
13 10
13 12
14 15
14 1
14 8
14 2
14 9
14 10
15 14
15 2
15 8
15 9
15 10
15 3
16 11
16 3
16 1
16 12
16 17
16 6
16 8
16 5
16 10
16 2
16 13
17 3
17 1
17 16
17 6
17 5
17 12
