1 3
1 12
1 2
1 7
1 14
1 9
1 17
1 4
2 3
2 12
2 4
2 1
2 9
2 17
2 14
2 7
2 15
2 8
2 10
3 1
3 4
3 2
3 18
3 17
3 9
3 12
3 14
3 7
3 6
4 3
4 12
4 2
4 7
4 14
4 9
4 17
4 1
5 16
5 7
5 13
5 8
5 17
5 15
6 16
6 3
6 12
6 11
6 7
6 14
6 15
6 10
7 3
7 12
7 2
7 11
7 14
7 8
7 13
7 6
7 9
7 5
7 15
7 4
7 1
8 12
8 2
8 7
8 13
8 9
8 10
8 5
9 3
9 2
9 7
9 13
9 8
9 10
9 1
9 4
10 2
10 13
10 6
10 9
10 8
11 12
11 13
11 6
11 15
11 14
11 7
12 3
12 14
12 7
12 11
12 6
12 2
12 4
12 1
12 8
12 13
12 15
13 12
13 11
13 7
13 8
13 10
13 9
13 5
14 3
14 12
14 2
14 11
14 7
14 6
14 15
14 4
14 1
15 16
15 12
15 2
15 11
15 7
15 14
15 6
15 5
15 17
16 5
16 6
16 15
17 3
17 2
17 5
17 18
17 15
17 1
17 4
18 3
18 17
