1 7
1 5
1 11
1 10
1 2
1 16
2 7
2 5
2 11
2 6
2 1
2 10
2 14
2 13
2 4
2 3
3 7
3 11
3 6
3 14
3 8
3 2
3 4
4 7
4 5
4 11
4 6
4 10
4 14
4 13
4 2
4 3
5 9
5 15
5 6
5 14
5 11
5 2
5 4
5 16
5 13
5 1
6 7
6 5
6 11
6 14
6 2
6 4
6 10
6 13
6 3
7 11
7 10
7 16
7 4
7 6
7 2
7 14
7 1
7 3
7 9
8 15
8 17
8 10
8 3
8 12
9 7
9 13
9 5
9 12
10 7
10 15
10 11
10 6
10 1
10 2
10 14
10 4
10 12
10 8
11 7
11 15
11 5
11 10
11 2
11 14
11 6
11 4
11 13
11 1
11 3
12 9
12 15
12 17
12 10
12 14
12 8
13 9
13 5
13 11
13 6
13 14
13 4
13 2
14 7
14 5
14 11
14 6
14 10
14 2
14 4
14 13
14 12
14 3
15 10
15 11
15 5
15 8
15 12
16 7
16 5
16 1
17 8
17 12
