1 5
1 12
1 13
1 6
1 15
1 4
1 14
1 2
1 17
1 8
1 18
1 3
2 12
2 13
2 6
2 16
2 15
2 4
2 1
2 8
2 3
2 17
3 5
3 12
3 15
3 4
3 14
3 2
3 8
3 9
3 7
3 1
3 18
3 11
4 10
4 12
4 13
4 6
4 15
4 3
4 8
4 1
4 2
5 11
5 15
5 1
5 18
5 12
5 8
5 3
6 10
6 4
6 2
6 1
7 10
7 12
7 13
7 16
7 8
7 9
7 3
8 5
8 10
8 12
8 16
8 15
8 4
8 14
8 2
8 7
8 3
8 1
8 9
8 11
9 12
9 16
9 17
9 8
9 3
9 18
9 7
10 17
10 7
10 8
10 6
10 4
10 13
11 5
11 12
11 17
11 8
11 3
11 18
12 5
12 8
12 3
12 11
12 15
12 14
12 4
12 18
12 7
12 2
12 1
12 17
12 9
13 10
13 15
13 14
13 1
13 2
13 17
13 18
13 16
13 7
13 4
14 12
14 13
14 15
14 1
14 3
14 8
14 17
15 5
15 12
15 13
15 14
15 1
15 3
15 8
15 2
15 17
15 18
15 4
16 13
16 7
16 8
16 2
16 9
17 10
17 12
17 13
17 15
17 14
17 2
17 1
17 11
17 9
18 5
18 12
18 13
18 15
18 9
18 1
18 3
18 11
