1 8
1 13
1 2
1 11
1 15
1 4
1 5
1 3
2 8
2 13
2 11
2 1
2 5
2 7
2 12
2 10
2 9
2 14
2 3
3 2
3 18
3 15
3 6
3 1
4 16
4 7
4 11
4 12
4 14
4 1
4 9
4 10
5 8
5 13
5 2
5 7
5 18
5 15
5 6
5 1
5 17
6 8
6 13
6 7
6 18
6 15
6 5
6 3
6 17
7 19
7 2
7 17
7 14
7 9
7 11
7 6
7 5
7 4
8 13
8 5
8 2
8 1
8 18
8 17
8 6
8 15
9 19
9 2
9 7
9 11
9 12
9 14
9 4
9 10
10 16
10 2
10 11
10 12
10 15
10 14
10 4
10 9
11 2
11 7
11 12
11 10
11 9
11 1
11 14
11 4
12 2
12 11
12 9
12 10
12 4
12 15
12 14
13 8
13 16
13 5
13 18
13 17
13 2
13 1
13 19
13 6
13 15
14 19
14 2
14 7
14 11
14 12
14 9
14 10
14 4
15 8
15 13
15 18
15 12
15 6
15 10
15 3
15 5
15 17
15 1
16 10
16 18
16 17
16 13
16 4
17 8
17 16
17 13
17 19
17 7
17 18
17 15
17 6
17 5
18 8
18 16
18 13
18 19
18 15
18 17
18 6
18 5
18 3
19 13
19 17
19 7
19 18
19 14
19 9
