1 16
1 17
1 4
1 5
1 6
1 7
2 10
2 7
2 11
2 13
2 3
2 8
2 12
3 16
3 17
3 10
3 15
3 13
3 14
3 12
3 2
4 16
4 17
4 1
4 6
4 7
4 5
5 16
5 17
5 1
5 6
5 7
5 4
5 11
5 15
5 14
6 16
6 17
6 1
6 7
6 5
6 15
6 9
6 11
6 4
6 14
7 16
7 17
7 1
7 6
7 5
7 11
7 15
7 13
7 14
7 8
7 4
7 2
8 16
8 17
8 10
8 7
8 11
8 2
8 12
9 6
9 11
9 15
10 12
10 2
10 3
10 8
11 6
11 7
11 5
11 12
11 8
11 13
11 14
11 2
11 9
12 10
12 11
12 3
12 8
12 14
12 2
13 7
13 11
13 14
13 2
13 3
14 6
14 7
14 5
14 11
14 13
14 3
14 12
15 16
15 17
15 6
15 7
15 5
15 3
15 9
16 17
16 4
16 1
16 5
16 8
16 6
16 7
16 15
16 3
17 16
17 8
17 4
17 1
17 5
17 6
17 15
17 7
17 3
