1 6
1 17
1 5
1 11
1 14
1 7
1 4
1 3
1 2
1 18
2 6
2 17
2 5
2 14
2 7
2 1
2 4
2 3
3 17
3 5
3 14
3 7
3 1
3 4
3 2
4 17
4 5
4 14
4 16
4 7
4 1
4 3
4 2
4 18
5 6
5 17
5 2
5 8
5 18
5 13
5 3
5 1
5 4
5 7
5 10
5 11
6 5
6 17
6 7
6 1
6 9
6 10
6 2
6 8
6 18
6 13
6 11
7 6
7 17
7 5
7 11
7 1
7 15
7 18
7 4
7 3
7 2
7 9
8 6
8 17
8 5
8 14
8 12
8 13
8 9
8 18
9 6
9 16
9 10
9 7
9 12
9 8
10 6
10 5
10 16
10 9
10 12
11 6
11 17
11 5
11 13
11 12
11 7
11 1
11 15
11 14
12 11
12 16
12 10
12 13
12 9
12 18
12 8
13 6
13 17
13 5
13 11
13 14
13 16
13 12
13 18
13 8
14 11
14 16
14 3
14 4
14 1
14 2
14 18
14 13
14 8
15 11
15 7
16 14
16 12
16 4
16 9
16 10
16 13
17 6
17 1
17 7
17 18
17 4
17 3
17 2
17 5
17 11
17 13
17 8
18 6
18 17
18 5
18 14
18 7
18 12
18 13
18 1
18 4
18 8
