1 11
1 14
1 12
1 16
1 13
1 4
1 9
1 10
1 6
1 8
1 15
2 11
2 14
2 12
2 16
2 13
2 5
2 6
3 7
3 15
3 4
3 16
4 14
4 3
4 13
4 7
4 15
4 1
4 10
5 13
5 2
6 11
6 14
6 9
6 7
6 1
6 2
6 10
7 3
7 12
7 16
7 13
7 4
7 15
7 6
7 8
8 14
8 16
8 9
8 7
8 1
8 15
8 10
9 14
9 8
9 10
9 6
9 1
10 11
10 14
10 12
10 16
10 13
10 4
10 9
10 1
10 15
10 8
10 6
11 14
11 13
11 12
11 2
11 1
11 10
11 16
11 6
12 11
12 14
12 16
12 13
12 1
12 10
12 7
12 2
12 15
13 11
13 14
13 12
13 16
13 1
13 10
13 2
13 4
13 7
13 5
14 11
14 12
14 13
14 1
14 10
14 2
14 16
14 15
14 6
14 8
14 9
14 4
15 14
15 3
15 12
15 16
15 4
15 7
15 1
15 8
15 10
16 11
16 14
16 3
16 12
16 15
16 7
16 13
16 10
16 1
16 2
16 8
