1 16
1 8
1 6
1 3
1 15
1 2
2 12
2 10
2 11
2 17
2 6
2 1
2 9
2 13
3 17
3 6
3 1
4 12
4 10
4 11
4 16
4 8
4 6
4 15
4 9
4 5
4 14
4 7
5 11
5 16
5 6
5 15
5 4
5 14
6 11
6 16
6 17
6 4
6 5
6 14
6 2
6 3
6 1
7 11
7 4
7 13
8 12
8 10
8 11
8 9
8 4
8 1
8 13
9 12
9 10
9 11
9 16
9 8
9 15
9 4
9 2
10 12
10 9
10 11
10 16
10 15
10 2
10 8
10 4
11 12
11 10
11 9
11 4
11 8
11 2
11 15
11 16
11 6
11 5
11 7
12 10
12 9
12 11
12 2
12 16
12 15
12 8
12 4
13 8
13 14
13 7
13 2
14 17
14 6
14 5
14 13
14 4
15 12
15 10
15 11
15 16
15 17
15 1
15 4
15 5
15 9
16 12
16 10
16 11
16 17
16 15
16 6
16 1
16 9
16 4
16 5
17 16
17 6
17 15
17 14
17 2
17 3
