1 9
1 15
1 7
1 16
2 6
2 16
2 7
2 9
2 3
2 12
2 17
3 13
3 6
3 7
3 2
3 12
4 13
4 10
4 6
4 5
4 11
4 7
4 12
4 15
5 13
5 10
5 6
5 11
5 4
5 8
5 15
5 7
5 12
5 9
6 13
6 10
6 4
6 5
6 7
6 12
6 11
6 16
6 2
6 15
6 3
7 13
7 10
7 1
7 6
7 5
7 11
7 16
7 4
7 12
7 9
7 3
7 2
8 14
8 10
8 5
8 11
8 9
8 15
9 13
9 1
9 5
9 11
9 7
9 8
9 2
9 12
10 11
10 6
10 12
10 7
10 15
10 4
10 5
10 8
11 10
11 6
11 5
11 9
11 4
11 15
11 8
11 12
11 7
12 13
12 10
12 6
12 5
12 11
12 16
12 4
12 7
12 9
12 2
12 3
13 12
13 9
13 6
13 5
13 4
13 15
13 7
13 3
14 8
14 15
15 13
15 14
15 10
15 1
15 6
15 5
15 11
15 4
15 8
16 1
16 6
16 7
16 12
16 2
17 2
