1 14
1 11
1 2
1 12
1 13
1 16
1 5
2 11
2 1
2 5
2 16
2 8
2 20
3 7
3 4
3 9
3 10
3 14
3 5
3 6
3 19
3 8
3 17
3 20
3 15
4 7
4 3
4 10
4 14
4 20
4 19
4 15
4 9
4 6
4 5
4 8
5 7
5 4
5 9
5 10
5 11
5 1
5 6
5 2
5 8
5 3
5 17
6 7
6 4
6 10
6 11
6 18
6 5
6 19
6 3
6 8
7 6
7 5
7 17
7 15
7 3
7 9
7 10
7 11
7 4
8 4
8 10
8 11
8 18
8 5
8 6
8 2
8 19
8 15
8 3
9 7
9 4
9 10
9 13
9 17
9 5
9 11
9 3
9 15
9 12
9 14
9 20
10 7
10 4
10 9
10 13
10 17
10 3
10 8
10 5
10 11
10 15
10 6
11 7
11 9
11 10
11 5
11 18
11 8
11 1
11 2
11 17
11 6
12 9
12 14
12 18
12 1
12 13
12 17
12 15
12 19
12 20
13 9
13 10
13 14
13 1
13 12
13 19
13 17
13 20
13 15
14 4
14 9
14 19
14 13
14 12
14 20
14 3
14 18
14 1
14 15
14 16
14 17
15 7
15 4
15 9
15 10
15 14
15 18
15 12
15 19
15 8
15 17
15 13
15 20
15 3
16 14
16 1
16 19
16 20
16 2
16 17
17 7
17 9
17 10
17 14
17 11
17 5
17 16
17 12
17 13
17 15
17 3
17 20
18 14
18 11
18 8
18 19
18 12
18 15
18 6
18 20
19 4
19 14
19 18
19 6
19 16
19 12
19 20
19 13
19 15
19 3
19 8
20 4
20 9
20 14
20 18
20 16
20 2
20 12
20 19
20 17
20 13
20 15
20 3
