1 11
1 9
1 2
2 11
2 9
2 1
3 13
3 4
3 6
3 5
3 11
3 14
3 12
3 15
3 16
3 10
3 8
4 3
4 15
4 11
4 12
4 14
4 5
4 6
4 13
4 8
4 16
5 3
5 15
5 11
5 4
5 16
5 13
5 6
5 8
6 3
6 15
6 11
6 4
6 16
6 13
6 8
6 5
7 11
7 12
7 14
7 13
8 3
8 15
8 11
8 10
8 4
8 16
8 6
8 5
9 16
9 1
9 2
10 3
10 12
10 13
10 14
10 8
11 3
11 15
11 8
11 14
11 5
11 4
11 6
11 16
11 2
11 7
11 13
11 12
11 1
12 3
12 15
12 11
12 14
12 13
12 4
12 7
12 10
13 3
13 15
13 11
13 12
13 10
13 14
13 4
13 7
13 6
13 5
14 3
14 15
14 11
14 12
14 10
14 13
14 7
14 4
15 3
15 4
15 12
15 13
15 14
15 5
15 6
15 11
15 8
16 3
16 11
16 4
16 6
16 8
16 5
16 9
