1 8
1 17
1 12
1 11
1 10
1 2
1 16
1 6
1 18
1 15
2 8
2 17
2 12
2 3
2 11
2 5
2 4
2 6
2 1
2 18
2 16
3 8
3 4
3 7
3 5
3 10
3 18
3 14
3 6
3 2
4 8
4 12
4 3
4 11
4 7
4 5
4 10
4 18
4 6
4 2
5 8
5 17
5 3
5 7
5 4
5 6
5 2
5 18
5 10
6 8
6 17
6 12
6 3
6 11
6 5
6 4
6 2
6 16
6 1
7 17
7 12
7 3
7 11
7 16
7 14
7 4
7 5
8 2
8 6
8 5
8 3
8 4
8 12
8 11
8 17
8 18
8 1
9 13
9 12
9 16
9 15
10 17
10 12
10 3
10 11
10 5
10 4
10 15
10 1
11 8
11 17
11 12
11 10
11 1
11 6
11 4
11 7
11 18
11 2
11 15
12 8
12 17
12 13
12 11
12 6
12 4
12 10
12 7
12 2
12 1
12 18
12 9
13 9
13 12
13 16
13 15
14 17
14 3
14 7
15 13
15 11
15 10
15 9
15 16
15 1
16 13
16 7
16 2
16 9
16 15
16 1
16 6
17 8
17 12
17 11
17 6
17 2
17 1
17 7
17 14
17 5
17 10
17 18
18 8
18 17
18 12
18 3
18 11
18 5
18 4
18 2
18 1
