1 14
1 10
1 11
1 3
1 2
1 9
1 8
1 4
2 14
2 10
2 11
2 3
2 5
2 1
2 15
2 4
2 6
3 14
3 10
3 11
3 5
3 4
3 2
3 7
3 15
3 1
3 6
4 14
4 10
4 3
4 5
4 1
4 2
4 7
5 14
5 10
5 11
5 3
5 7
5 4
5 2
5 6
5 15
6 13
6 14
6 10
6 3
6 5
6 2
6 9
6 12
6 7
7 14
7 10
7 11
7 3
7 5
7 6
7 15
7 4
8 14
8 1
8 9
8 15
8 12
9 1
9 8
9 6
9 12
10 14
10 11
10 3
10 2
10 6
10 7
10 5
10 4
10 15
10 1
11 14
11 10
11 3
11 2
11 15
11 7
11 5
11 1
11 12
12 11
12 8
12 6
12 9
13 6
14 2
14 15
14 3
14 10
14 7
14 5
14 1
14 6
14 8
14 4
14 11
15 14
15 10
15 11
15 3
15 5
15 8
15 2
15 7
