1 10
1 11
1 18
1 5
1 9
1 17
1 7
1 4
1 8
1 16
2 10
2 11
2 3
2 5
2 12
2 4
2 9
2 8
2 17
3 5
3 2
3 4
3 17
3 12
4 10
4 11
4 18
4 3
4 5
4 1
4 2
4 12
4 19
4 8
4 9
5 18
5 3
5 4
5 2
5 19
5 12
5 9
5 1
6 7
6 16
7 11
7 1
7 19
7 15
7 6
8 10
8 11
8 18
8 1
8 2
8 14
8 12
8 9
8 13
8 15
8 4
8 16
9 10
9 11
9 18
9 5
9 1
9 2
9 14
9 12
9 8
9 4
9 17
9 16
9 13
9 15
10 11
10 8
10 14
10 9
10 15
10 13
10 18
10 1
10 2
10 12
10 4
11 10
11 8
11 9
11 15
11 14
11 13
11 2
11 12
11 4
11 7
11 1
11 16
11 18
12 10
12 11
12 3
12 5
12 2
12 4
12 9
12 8
12 17
13 10
13 11
13 14
13 8
13 16
13 9
13 15
14 10
14 11
14 13
14 15
14 8
14 9
15 10
15 11
15 14
15 7
15 8
15 16
15 9
15 13
16 11
16 1
16 19
16 8
16 9
16 15
16 6
16 13
17 18
17 3
17 1
17 2
17 12
17 9
18 10
18 11
18 17
18 9
18 8
18 5
18 4
18 19
18 1
19 18
19 5
19 4
19 7
19 16
