1 5
1 14
1 7
1 12
1 2
1 3
1 6
2 5
2 14
2 17
2 4
2 7
2 12
2 11
2 1
2 3
2 6
2 10
3 5
3 14
3 12
3 16
3 2
3 1
4 5
4 14
4 17
4 8
4 9
4 15
4 2
4 12
5 14
5 2
5 12
5 4
5 7
5 6
5 17
5 3
5 8
5 1
5 11
5 10
6 5
6 14
6 17
6 7
6 15
6 12
6 16
6 2
6 13
6 1
7 5
7 14
7 6
7 12
7 2
7 13
7 15
7 16
7 1
8 5
8 4
8 11
8 9
8 13
9 17
9 4
9 12
9 11
9 8
9 13
9 10
10 5
10 14
10 17
10 12
10 16
10 11
10 2
10 9
11 5
11 14
11 17
11 12
11 9
11 10
11 2
11 8
12 5
12 14
12 17
12 4
12 7
12 11
12 10
12 2
12 6
12 9
12 1
12 3
13 7
13 16
13 8
13 9
13 6
14 5
14 12
14 2
14 1
14 17
14 3
14 11
14 10
14 4
14 7
14 6
15 4
15 7
15 6
16 17
16 7
16 6
16 13
16 3
16 10
17 5
17 14
17 16
17 6
17 10
17 4
17 11
17 9
17 12
17 2
