1 16
1 14
1 9
1 15
1 11
2 16
2 13
2 15
2 7
2 5
2 12
2 3
3 16
3 4
3 13
3 10
3 17
3 7
3 5
3 12
3 8
3 2
3 6
3 18
4 18
4 17
4 6
4 3
4 7
4 13
4 12
4 11
4 14
5 16
5 13
5 10
5 15
5 17
5 7
5 12
5 11
5 2
5 8
5 3
6 4
6 14
6 10
6 7
6 3
7 16
7 4
7 13
7 14
7 10
7 17
7 3
7 8
7 12
7 5
7 2
7 18
7 6
8 16
8 13
8 14
8 17
8 7
8 5
8 12
8 18
8 3
9 13
9 14
9 1
9 18
9 17
10 16
10 14
10 6
10 11
10 3
10 7
10 5
10 12
11 16
11 4
11 13
11 10
11 5
11 12
11 1
12 16
12 4
12 13
12 10
12 15
12 7
12 5
12 11
12 8
12 2
12 3
13 16
13 4
13 12
13 11
13 15
13 5
13 9
13 7
13 8
13 3
13 2
13 14
14 4
14 13
14 8
14 18
14 10
14 7
14 9
14 6
14 1
14 15
14 17
15 16
15 13
15 14
15 17
15 18
15 12
15 5
15 1
15 2
16 15
16 12
16 5
16 17
16 1
16 10
16 13
16 7
16 8
16 11
16 2
16 3
17 16
17 4
17 14
17 9
17 15
17 18
17 8
17 7
17 3
17 5
18 4
18 14
18 9
18 15
18 17
18 7
18 8
18 3
