1 15
1 13
1 16
1 8
1 2
1 4
1 9
2 3
2 13
2 16
2 8
2 1
2 9
2 4
3 2
3 12
3 7
3 6
3 4
4 3
4 7
4 8
4 1
4 9
4 2
5 15
5 7
5 12
5 6
5 11
5 10
6 3
6 15
6 7
6 12
6 5
6 10
6 11
7 3
7 15
7 12
7 6
7 10
7 11
7 5
7 4
7 9
7 14
8 15
8 14
8 9
8 4
8 1
8 2
9 7
9 14
9 8
9 1
9 4
9 2
10 15
10 7
10 12
10 6
10 11
10 5
10 14
11 15
11 7
11 12
11 6
11 10
11 14
11 5
12 3
12 15
12 7
12 11
12 6
12 10
12 5
12 14
13 16
13 1
13 2
14 15
14 7
14 12
14 11
14 10
14 9
14 8
15 11
15 10
15 8
15 12
15 14
15 6
15 7
15 1
15 5
16 13
16 2
16 1
