2 9
2 14
2 12
2 13
2 5
2 16
2 6
2 17
2 4
2 11
2 10
2 3
3 9
3 14
3 12
3 13
3 5
3 6
3 17
3 4
3 11
3 10
3 2
4 14
4 12
4 13
4 16
4 11
4 3
4 10
4 2
5 14
5 15
5 2
5 3
5 17
5 6
6 9
6 14
6 5
6 17
6 18
6 2
6 10
6 3
7 9
7 13
7 16
7 8
7 18
8 9
8 14
8 13
8 16
8 7
8 18
9 15
9 2
9 3
9 16
9 6
9 14
9 17
9 12
9 7
9 8
10 12
10 13
10 15
10 16
10 6
10 4
10 11
10 2
10 3
11 14
11 12
11 13
11 15
11 4
11 3
11 10
11 2
12 9
12 13
12 11
12 10
12 15
12 3
12 4
12 2
13 12
13 11
13 10
13 15
13 3
13 4
13 2
13 8
13 7
14 9
14 17
14 6
14 8
14 18
14 16
14 4
14 3
14 11
14 2
14 5
15 9
15 12
15 13
15 18
15 5
15 11
15 10
16 9
16 14
16 10
16 2
16 7
16 8
16 4
17 9
17 14
17 5
17 6
17 18
17 2
17 3
18 14
18 15
18 6
18 17
18 7
18 8
