1 2
1 13
1 3
1 12
1 14
1 8
1 7
1 17
2 5
2 10
2 3
2 12
2 1
2 7
2 16
2 11
2 13
3 5
3 10
3 2
3 13
3 1
3 14
3 7
3 17
3 16
3 12
3 8
4 5
4 13
4 9
4 14
4 16
4 15
4 8
4 12
4 11
5 6
5 4
5 10
5 14
5 12
5 13
5 11
5 2
5 3
6 5
6 13
6 14
6 12
6 11
7 2
7 1
7 9
7 16
7 8
7 3
7 15
8 1
8 7
8 3
8 16
8 4
9 13
9 15
9 4
9 11
9 16
9 14
9 12
9 7
10 5
10 13
10 16
10 15
10 3
10 2
10 12
10 14
11 5
11 2
11 13
11 9
11 14
11 4
11 15
11 12
11 6
12 5
12 10
12 2
12 13
12 1
12 9
12 14
12 3
12 4
12 15
12 11
12 6
13 5
13 10
13 2
13 12
13 14
13 15
13 4
13 9
13 3
13 16
13 1
13 11
13 6
14 5
14 10
14 13
14 1
14 9
14 12
14 11
14 6
14 15
14 4
14 3
15 10
15 13
15 9
15 14
15 7
15 16
15 4
15 12
15 11
16 10
16 2
16 13
16 9
16 7
16 3
16 15
16 4
16 8
17 1
17 3
