1 11
1 13
1 6
1 17
1 8
2 17
2 16
2 8
2 13
2 12
3 15
3 16
3 6
4 16
4 17
4 5
4 9
4 7
5 11
5 10
5 9
5 4
5 7
6 3
6 16
6 17
6 1
6 8
6 14
7 16
7 17
7 5
7 4
8 11
8 2
8 13
8 16
8 6
8 10
8 17
8 9
8 15
8 12
8 1
9 11
9 13
9 10
9 17
9 8
9 5
9 12
9 4
10 11
10 13
10 16
10 17
10 8
10 15
10 5
10 9
11 10
11 16
11 15
11 5
11 9
11 17
11 13
11 8
11 1
11 12
12 11
12 2
12 13
12 16
12 17
12 8
12 9
13 11
13 2
13 17
13 12
13 8
13 1
13 16
13 9
13 15
13 10
14 6
15 11
15 13
15 3
15 16
15 10
15 17
15 8
16 11
16 2
16 13
16 3
16 17
16 15
16 12
16 10
16 8
16 7
16 4
16 6
17 11
17 2
17 13
17 16
17 6
17 10
17 8
17 12
17 9
17 15
17 7
17 4
17 1
