1 15
1 19
1 8
1 7
1 6
1 14
1 16
2 17
2 15
2 4
2 11
2 3
2 6
2 7
2 16
2 10
2 8
2 14
3 12
3 15
3 4
3 11
3 2
3 10
3 6
3 7
3 16
3 14
3 9
4 12
4 11
4 3
4 2
4 10
4 9
4 19
4 6
4 7
4 16
5 12
5 15
5 11
5 9
5 14
5 16
5 10
6 17
6 12
6 15
6 1
6 4
6 3
6 2
6 14
6 16
6 7
6 19
6 8
6 10
7 17
7 15
7 1
7 18
7 4
7 3
7 2
7 14
7 6
7 16
7 19
7 8
7 13
8 17
8 1
8 18
8 2
8 6
8 16
8 19
8 7
8 13
9 12
9 15
9 4
9 11
9 5
9 3
9 14
9 16
9 10
10 12
10 15
10 4
10 11
10 5
10 3
10 2
10 14
10 6
10 9
11 12
11 15
11 4
11 10
11 9
11 3
11 2
11 19
11 5
11 14
12 9
12 10
12 11
12 6
12 13
12 5
12 14
12 15
12 16
12 3
12 4
13 12
13 8
13 7
14 12
14 15
14 1
14 11
14 5
14 3
14 2
14 9
14 16
14 10
14 19
14 6
14 7
15 12
15 14
15 6
15 7
15 2
15 16
15 19
15 1
15 10
15 11
15 9
15 3
15 5
16 17
16 12
16 15
16 1
16 4
16 5
16 3
16 2
16 14
16 6
16 7
16 9
16 8
16 19
17 18
17 16
17 6
17 2
17 7
17 8
18 17
18 8
18 7
19 15
19 1
19 4
19 11
19 14
19 6
19 16
19 7
19 8
