1 2
1 3
1 10
1 7
1 5
1 19
1 11
1 13
2 3
2 13
2 1
2 5
2 19
2 10
3 2
3 16
3 5
3 1
3 19
3 13
3 17
3 11
3 10
3 15
3 18
4 16
4 10
4 13
4 9
4 14
4 17
4 8
4 11
5 2
5 16
5 3
5 1
5 10
5 19
5 18
5 11
5 17
5 15
6 16
6 17
7 1
7 10
7 18
7 15
8 16
8 9
8 14
8 4
9 16
9 10
9 13
9 8
9 4
9 11
9 14
9 17
10 2
10 16
10 3
10 1
10 11
10 7
10 12
10 17
10 19
10 5
10 9
10 4
11 16
11 3
11 1
11 10
11 9
11 19
11 5
11 4
11 12
11 17
12 10
12 18
12 11
13 2
13 16
13 3
13 1
13 9
13 4
14 16
14 9
14 15
14 8
14 4
15 3
15 7
15 19
15 14
15 5
16 4
16 17
16 9
16 11
16 14
16 13
16 6
16 10
16 3
16 19
16 5
16 8
17 16
17 3
17 10
17 9
17 19
17 18
17 5
17 4
17 6
17 11
18 3
18 7
18 19
18 5
18 12
18 17
19 2
19 16
19 3
19 1
19 10
19 18
19 5
19 11
19 17
19 15
