1 7
1 4
1 2
1 3
1 10
1 5
1 17
1 19
1 18
2 7
2 4
2 1
2 3
2 5
2 16
2 18
3 6
3 7
3 4
3 1
3 2
3 8
3 5
3 16
3 18
4 7
4 1
4 10
4 11
4 17
4 19
4 18
4 2
4 3
5 6
5 14
5 1
5 2
5 15
5 8
5 17
5 3
5 13
5 16
6 5
6 13
6 15
6 17
6 11
6 9
6 16
6 14
6 8
6 3
7 4
7 1
7 2
7 3
7 10
7 17
7 19
7 18
8 6
8 14
8 13
8 12
8 5
8 3
8 18
9 6
9 15
9 17
9 18
9 19
9 13
10 7
10 4
10 1
10 15
10 17
10 11
10 18
10 19
10 13
10 16
11 6
11 4
11 17
11 10
11 16
11 18
11 19
12 14
12 8
12 16
12 13
13 6
13 14
13 15
13 8
13 10
13 12
13 18
13 9
13 5
14 6
14 8
14 13
14 18
14 12
14 15
14 5
15 6
15 14
15 13
15 5
15 10
15 9
16 6
16 2
16 10
16 11
16 12
16 3
16 5
17 6
17 7
17 4
17 1
17 18
17 19
17 11
17 10
17 5
17 9
18 7
18 14
18 4
18 1
18 2
18 8
18 17
18 10
18 11
18 3
18 19
18 9
18 13
19 7
19 4
19 1
19 17
19 10
19 11
19 18
19 9
