1 3
1 10
1 2
2 9
2 12
2 1
3 14
3 15
3 6
3 4
3 5
3 11
3 1
3 17
3 8
4 7
4 14
4 15
4 6
4 3
4 5
4 17
4 8
4 11
4 9
4 10
5 14
5 15
5 6
5 3
5 4
5 17
5 11
5 8
5 12
6 14
6 4
6 3
6 5
6 8
6 17
6 11
7 10
7 4
7 9
8 14
8 6
8 3
8 5
8 17
8 4
8 9
8 12
9 7
9 4
9 10
9 12
9 13
9 8
9 2
10 16
10 7
10 17
10 4
10 9
10 1
10 11
10 12
10 13
11 6
11 3
11 5
11 4
11 10
11 13
12 14
12 5
12 17
12 9
12 10
12 2
12 8
13 14
13 15
13 17
13 9
13 10
13 11
14 16
14 13
14 17
14 15
14 8
14 6
14 5
14 4
14 3
14 12
15 16
15 14
15 17
15 5
15 3
15 13
15 4
16 17
16 15
16 10
16 14
17 16
17 14
17 15
17 6
17 3
17 5
17 8
17 12
17 4
17 10
17 13
