1 2
1 15
1 5
1 12
1 3
2 1
2 13
2 12
2 11
2 15
2 5
2 10
3 7
3 14
3 1
3 8
3 6
3 15
4 9
5 14
5 1
5 15
5 6
5 2
6 7
6 14
6 13
6 12
6 3
6 11
6 5
6 8
6 10
7 6
7 8
7 17
7 14
7 3
7 13
7 16
7 11
7 10
7 12
8 7
8 14
8 13
8 12
8 3
8 11
8 6
8 10
9 4
9 12
9 11
9 16
10 7
10 13
10 16
10 12
10 11
10 6
10 8
10 2
11 7
11 9
11 13
11 16
11 12
11 10
11 2
11 6
11 8
12 7
12 1
12 9
12 13
12 16
12 10
12 11
12 17
12 8
12 6
12 2
13 7
13 8
13 10
13 11
13 12
13 2
13 6
13 16
14 7
14 3
14 15
14 8
14 6
14 5
15 14
15 1
15 3
15 5
15 2
16 7
16 9
16 13
16 11
16 10
16 12
17 7
17 12
