1 13
1 3
1 2
1 9
1 5
2 12
2 14
2 13
2 1
2 15
2 9
3 10
3 12
3 14
3 16
3 6
3 13
3 4
3 1
3 9
3 15
3 11
4 12
4 14
4 13
4 3
4 15
4 7
5 1
5 9
6 16
6 11
6 3
7 12
7 14
7 13
7 15
7 8
7 4
8 14
8 11
8 7
9 3
9 1
9 2
9 5
10 12
10 16
10 13
10 14
10 15
10 3
11 16
11 6
11 3
11 8
12 10
12 13
12 14
12 15
12 4
12 2
12 3
12 7
12 16
13 10
13 12
13 14
13 16
13 15
13 2
13 3
13 7
13 1
13 4
14 10
14 12
14 13
14 15
14 7
14 2
14 4
14 16
14 8
14 3
15 10
15 12
15 14
15 16
15 13
15 3
15 2
15 7
15 4
16 10
16 12
16 14
16 13
16 15
16 3
16 6
16 11
