1 16
1 12
1 4
1 5
1 3
1 18
1 15
1 10
1 11
1 17
2 17
2 9
2 10
2 11
3 16
3 1
3 6
3 17
3 18
3 12
3 4
3 9
3 10
3 14
3 5
3 15
3 7
4 16
4 1
4 6
4 17
4 18
4 12
4 5
4 3
4 10
4 15
4 14
4 7
4 9
5 16
5 1
5 13
5 17
5 18
5 12
5 4
5 9
5 10
5 14
5 3
5 15
6 7
6 17
6 9
6 18
6 3
6 4
6 14
6 8
7 6
7 17
7 18
7 4
7 9
7 15
7 3
7 8
8 6
8 7
9 6
9 13
9 17
9 18
9 4
9 7
9 2
9 11
9 5
9 3
10 1
10 12
10 4
10 15
10 11
10 2
10 5
10 3
11 1
11 12
11 9
11 10
11 15
11 2
12 1
12 17
12 18
12 10
12 15
12 11
12 4
12 5
12 3
13 16
13 9
13 17
13 18
13 15
13 5
13 14
14 16
14 6
14 13
14 4
14 5
14 3
15 1
15 13
15 12
15 4
15 10
15 5
15 11
15 7
15 3
16 13
16 5
16 4
16 3
16 1
16 14
17 1
17 6
17 13
17 18
17 9
17 12
17 3
17 2
17 5
17 4
17 7
18 1
18 6
18 13
18 17
18 3
18 9
18 7
18 12
18 5
18 4
