1 7
2 4
2 9
3 7
3 14
3 11
3 16
3 17
3 13
3 12
3 8
4 9
4 13
4 2
4 6
5 7
5 14
5 11
5 16
5 8
5 13
5 12
5 17
5 6
5 10
5 9
6 11
6 4
6 12
6 5
6 10
7 8
7 5
7 11
7 1
7 3
7 16
7 14
8 7
8 14
8 11
8 3
8 16
8 5
9 14
9 11
9 4
9 2
9 5
10 5
10 6
11 15
11 7
11 14
11 12
11 5
11 13
11 17
11 16
11 9
11 6
11 3
11 8
12 15
12 14
12 11
12 3
12 16
12 13
12 5
12 6
12 17
13 15
13 14
13 11
13 4
13 3
13 16
13 12
13 17
13 5
14 15
14 7
14 12
14 11
14 13
14 17
14 8
14 5
14 9
14 16
14 3
15 14
15 13
15 11
15 12
16 7
16 14
16 11
16 3
16 17
16 13
16 12
16 5
16 8
17 14
17 11
17 3
17 16
17 13
17 12
17 5
