1 14
1 3
1 10
1 13
1 2
1 12
1 9
2 14
2 3
2 10
2 1
2 12
2 9
2 11
3 14
3 10
3 9
3 2
3 1
3 11
3 12
3 8
3 13
3 6
3 15
4 5
4 17
4 16
4 7
4 8
4 6
5 17
5 4
5 8
5 16
6 3
6 10
6 4
6 11
6 12
6 9
7 17
7 16
7 15
7 11
7 8
7 4
8 5
8 16
8 3
8 10
8 7
8 4
8 9
8 15
9 14
9 16
9 3
9 10
9 13
9 1
9 2
9 11
9 6
9 8
9 12
9 15
10 14
10 3
10 9
10 11
10 12
10 2
10 1
10 6
10 15
10 8
10 13
11 17
11 3
11 10
11 7
11 2
11 12
11 6
11 9
12 14
12 3
12 10
12 13
12 1
12 2
12 11
12 6
12 9
13 14
13 3
13 10
13 15
13 12
13 1
13 9
14 1
14 13
14 15
14 12
14 3
14 2
14 9
14 10
15 14
15 3
15 10
15 13
15 7
15 9
15 8
16 5
16 8
16 9
16 7
16 4
17 5
17 11
17 7
17 4
