1 6
1 15
1 7
1 13
1 2
1 12
1 9
2 5
2 15
2 8
2 7
2 13
2 1
2 12
2 9
3 15
3 4
3 8
3 16
4 15
4 3
4 8
5 6
5 11
5 14
5 2
5 12
5 7
5 9
5 13
5 16
6 5
6 11
6 1
6 16
6 13
6 7
6 9
6 12
7 5
7 6
7 8
7 9
7 12
7 13
7 16
7 2
7 1
8 14
8 4
8 7
8 11
8 9
8 12
8 13
8 3
8 2
9 5
9 6
9 8
9 7
9 13
9 2
9 16
9 12
9 1
10 14
10 12
11 5
11 6
11 8
11 16
12 5
12 6
12 8
12 7
12 13
12 10
12 2
12 16
12 9
12 1
13 5
13 6
13 8
13 7
13 12
13 9
13 16
13 2
13 1
14 5
14 10
14 8
14 15
15 14
15 4
15 1
15 3
15 2
16 5
16 6
16 7
16 13
16 11
16 12
16 3
16 9
