1 2
1 8
1 14
1 15
1 13
1 5
1 3
1 7
1 4
1 12
2 13
2 7
2 1
2 8
2 3
2 4
2 5
2 12
2 14
3 2
3 9
3 10
3 15
3 13
3 5
3 4
3 1
3 7
4 2
4 9
4 8
4 10
4 15
4 13
4 5
4 3
4 7
4 1
5 2
5 9
5 8
5 14
5 10
5 15
5 13
5 3
5 4
5 1
5 12
5 7
6 14
6 13
6 12
7 2
7 8
7 14
7 13
7 5
7 3
7 12
7 4
7 1
8 2
8 11
8 9
8 1
8 15
8 5
8 10
8 4
8 13
8 7
9 4
9 10
9 5
9 3
9 8
9 14
10 9
10 8
10 4
10 5
10 3
11 8
12 2
12 14
12 15
12 13
12 5
12 7
12 6
12 1
13 2
13 8
13 14
13 15
13 7
13 12
13 6
13 3
13 4
13 5
13 1
14 2
14 9
14 12
14 13
14 1
14 6
14 15
14 7
14 5
15 8
15 14
15 5
15 4
15 3
15 13
15 12
15 1
