1 17
1 6
1 12
1 15
1 13
1 14
1 4
1 5
1 9
1 16
1 8
2 11
2 12
2 3
2 13
2 10
3 17
3 6
3 2
3 10
3 9
4 17
4 7
4 15
4 13
4 1
4 14
4 5
4 9
5 17
5 7
5 15
5 13
5 1
5 14
5 4
5 9
6 7
6 12
6 1
6 3
7 6
7 5
7 4
7 9
8 13
8 1
8 9
9 17
9 7
9 15
9 3
9 1
9 14
9 4
9 8
9 5
10 17
10 11
10 12
10 3
10 13
10 2
10 16
11 17
11 12
11 16
11 10
11 15
11 2
12 17
12 11
12 6
12 10
12 1
12 2
12 16
12 13
13 12
13 15
13 14
13 5
13 4
13 8
13 1
13 10
13 2
14 17
14 15
14 13
14 1
14 16
14 9
14 4
14 5
15 17
15 11
15 1
15 14
15 16
15 4
15 5
15 9
15 13
16 11
16 12
16 15
16 10
16 1
16 14
17 10
17 12
17 11
17 3
17 9
17 1
17 14
17 15
17 4
17 5
