1 9
1 12
1 5
1 11
1 10
1 4
2 13
2 15
2 6
2 14
2 16
2 3
2 4
2 17
3 13
3 6
3 14
3 16
3 2
3 4
3 17
4 8
4 13
4 15
4 14
4 16
4 9
4 1
4 5
4 3
4 10
4 17
4 2
5 7
5 9
5 1
5 4
5 11
5 10
6 11
6 10
6 12
6 18
6 14
6 2
6 16
6 3
7 8
7 17
7 5
8 18
8 7
8 17
8 14
8 4
9 13
9 10
9 12
9 11
9 5
9 1
9 17
9 4
10 13
10 6
10 9
10 12
10 1
10 5
10 11
10 4
11 6
11 9
11 12
11 1
11 5
11 10
11 18
12 13
12 6
12 9
12 1
12 11
12 10
13 4
13 12
13 2
13 3
13 14
13 10
13 9
13 15
13 16
13 17
14 8
14 13
14 15
14 6
14 16
14 17
14 4
14 2
14 3
15 13
15 14
15 17
15 16
15 4
15 2
16 13
16 15
16 6
16 14
16 17
16 2
16 4
16 3
17 8
17 13
17 15
17 14
17 7
17 16
17 9
17 3
17 18
17 4
17 2
18 8
18 6
18 11
18 17
