1 2
1 10
1 7
1 11
1 12
1 5
1 4
1 16
2 1
2 10
2 7
2 16
2 11
2 12
3 6
3 5
3 8
3 15
3 14
3 16
3 9
3 12
3 11
3 4
4 6
4 1
4 7
4 10
4 3
5 6
5 1
5 8
5 3
5 13
5 16
5 14
5 9
5 15
6 14
6 8
6 5
6 3
6 9
6 15
6 16
6 13
6 12
6 4
7 2
7 1
7 10
7 11
7 13
7 4
8 6
8 5
8 3
8 14
8 15
8 16
8 9
9 6
9 5
9 10
9 3
9 11
9 14
9 8
10 2
10 1
10 7
10 11
10 12
10 9
10 4
11 2
11 1
11 7
11 10
11 3
11 12
11 9
11 13
12 2
12 6
12 1
12 10
12 3
12 11
12 14
12 13
13 6
13 5
13 7
13 11
13 14
13 12
14 6
14 5
14 3
14 15
14 16
14 9
14 8
14 13
14 12
15 6
15 5
15 3
15 14
15 16
15 8
16 2
16 6
16 1
16 5
16 3
16 14
16 15
16 8
