1 3
1 2
1 17
1 16
1 15
1 20
1 18
1 19
1 11
1 8
1 7
2 1
2 20
2 8
2 19
2 3
2 18
2 11
3 1
3 16
3 20
3 8
3 5
3 6
3 17
3 19
3 2
3 10
3 11
3 18
3 12
3 15
4 16
4 13
4 9
4 14
4 10
4 11
4 12
5 16
5 9
5 6
5 15
5 3
5 11
5 18
5 19
5 17
6 16
6 9
6 5
6 3
6 11
6 15
6 17
6 10
6 12
6 19
6 18
7 1
7 16
7 9
7 17
7 14
7 19
7 15
8 1
8 20
8 10
8 9
8 3
8 2
8 15
9 16
9 13
9 8
9 15
9 12
9 4
9 17
9 5
9 6
9 7
10 16
10 20
10 8
10 6
10 17
10 14
10 19
10 11
10 12
10 15
10 3
10 4
11 1
11 16
11 20
11 5
11 6
11 17
11 14
11 19
11 2
11 10
11 3
11 12
11 18
11 4
11 15
12 20
12 13
12 9
12 6
12 14
12 19
12 10
12 3
12 11
12 4
13 14
13 4
13 12
13 9
13 19
14 13
14 19
14 12
14 4
14 11
14 10
14 7
14 18
15 1
15 16
15 8
15 9
15 5
15 6
15 17
15 10
15 3
15 11
15 7
16 1
16 17
16 15
16 4
16 10
16 9
16 6
16 7
16 11
16 3
16 5
17 1
17 16
17 9
17 5
17 6
17 15
17 7
17 11
17 3
17 10
18 1
18 20
18 5
18 6
18 14
18 19
18 2
18 3
18 11
19 1
19 20
19 13
19 5
19 6
19 14
19 18
19 11
19 3
19 2
19 12
19 10
19 7
20 1
20 11
20 10
20 12
20 8
20 18
20 19
20 2
20 3
