1 2
1 3
1 9
1 6
1 10
1 5
2 8
2 5
2 1
2 6
2 3
2 4
2 16
2 15
2 17
2 9
2 10
2 14
2 7
2 13
2 12
3 2
3 1
3 5
3 10
3 9
4 11
4 2
4 5
5 11
5 8
5 2
5 7
5 13
5 16
5 15
5 1
5 17
5 14
5 4
5 3
5 9
5 10
5 6
5 12
6 8
6 2
6 7
6 13
6 16
6 1
6 5
6 18
7 8
7 2
7 6
7 16
7 9
7 5
7 13
7 18
8 6
8 7
8 2
8 5
8 16
8 13
8 18
9 2
9 7
9 13
9 1
9 5
9 12
9 3
10 2
10 13
10 16
10 15
10 1
10 17
10 14
10 5
10 12
10 3
10 18
11 4
11 5
12 2
12 13
12 16
12 15
12 17
12 14
12 5
12 10
12 9
12 18
13 8
13 2
13 7
13 18
13 12
13 6
13 5
13 14
13 9
13 10
13 15
14 2
14 13
14 17
14 5
14 12
14 10
15 2
15 13
15 16
15 10
15 17
15 12
15 18
15 5
16 8
16 2
16 7
16 15
16 17
16 5
16 10
16 12
16 6
17 2
17 16
17 15
17 14
17 18
17 10
17 12
17 5
18 8
18 7
18 13
18 15
18 17
18 12
18 6
18 10
