1 9
1 3
1 11
1 10
1 2
1 8
2 9
2 13
2 3
2 11
2 12
2 10
2 1
2 8
2 14
3 16
3 9
3 15
3 1
3 2
3 10
3 8
3 11
4 5
4 16
4 12
4 9
4 15
4 14
4 13
5 4
5 8
5 16
5 15
5 12
5 14
5 13
6 7
6 9
6 11
7 16
7 6
7 15
8 5
8 9
8 13
8 3
8 12
8 1
8 2
8 14
9 4
9 8
9 2
9 11
9 3
9 1
9 6
10 16
10 15
10 3
10 11
10 1
10 2
11 9
11 13
11 6
11 3
11 10
11 1
11 2
11 12
11 14
12 5
12 16
12 4
12 13
12 15
12 11
12 14
12 8
12 2
13 5
13 16
13 4
13 15
13 14
13 12
13 11
13 8
13 2
14 5
14 16
14 4
14 13
14 15
14 11
14 12
14 8
14 2
15 5
15 16
15 4
15 7
15 13
15 14
15 12
15 3
15 10
16 5
16 15
16 14
16 4
16 12
16 3
16 10
16 13
16 7
