1 12
1 3
1 11
1 6
1 8
1 2
1 10
1 16
1 13
1 5
1 9
2 12
2 3
2 11
2 6
2 8
2 1
2 13
2 5
2 10
2 16
2 9
3 14
3 15
3 12
3 10
3 11
3 6
3 2
3 1
4 12
4 11
4 13
4 10
5 6
5 8
5 1
5 9
5 10
5 2
6 3
6 2
6 8
6 1
6 9
6 5
7 9
7 13
7 16
8 11
8 6
8 9
8 5
8 2
8 1
8 16
9 7
9 6
9 8
9 1
9 5
9 2
10 14
10 15
10 12
10 3
10 11
10 1
10 13
10 5
10 16
10 2
10 4
11 12
11 3
11 16
11 10
11 8
11 1
11 2
11 13
11 4
12 13
12 10
12 11
12 3
12 1
12 2
12 16
12 4
13 12
13 11
13 7
13 1
13 10
13 16
13 2
13 4
14 15
14 10
14 3
15 14
15 10
15 3
16 12
16 11
16 7
16 8
16 1
16 13
16 10
16 2
