1 6
1 10
1 15
1 17
1 5
1 12
1 13
1 16
2 4
2 5
2 6
2 8
3 4
3 8
3 7
3 6
4 3
4 8
4 2
4 18
4 16
4 15
5 1
5 17
5 16
5 2
5 10
5 15
5 7
5 11
5 12
5 13
6 1
6 17
6 2
6 14
6 10
6 3
7 17
7 8
7 3
7 5
7 12
7 11
8 4
8 18
8 16
8 2
8 15
8 7
8 3
9 18
9 14
9 11
10 1
10 16
10 14
10 15
10 5
10 6
11 17
11 16
11 14
11 7
11 12
11 13
11 5
11 9
12 1
12 17
12 16
12 14
12 15
12 7
12 11
12 5
12 13
13 1
13 17
13 16
13 14
13 15
13 11
13 5
13 12
14 18
14 10
14 13
14 12
14 11
14 9
14 6
15 4
15 1
15 17
15 16
15 8
15 10
15 13
15 12
15 5
16 4
16 1
16 17
16 15
16 13
16 10
16 8
16 12
16 11
16 5
17 1
17 5
17 12
17 16
17 13
17 7
17 6
17 11
17 15
18 4
18 9
18 14
18 8
