1 3
1 2
1 17
1 5
1 9
1 4
2 15
2 10
2 6
2 1
2 17
2 9
2 16
2 14
2 8
2 7
2 4
2 5
3 4
3 6
3 1
3 8
4 3
4 6
4 2
4 8
4 1
4 12
5 6
5 13
5 2
5 11
5 8
5 16
5 1
6 3
6 4
6 2
6 17
6 9
6 5
6 8
7 15
7 2
7 14
7 8
7 9
7 17
7 16
7 12
8 3
8 6
8 2
8 14
8 7
8 9
8 4
8 17
8 5
9 15
9 10
9 6
9 2
9 14
9 7
9 8
9 17
9 1
9 16
10 17
10 2
10 9
11 5
12 14
12 7
12 4
13 15
13 14
13 16
13 17
13 5
14 15
14 13
14 2
14 7
14 17
14 16
14 12
14 8
14 9
15 14
15 13
15 16
15 17
15 7
15 2
15 9
16 15
16 13
16 2
16 14
16 7
16 17
16 5
16 9
17 15
17 10
17 6
17 13
17 2
17 14
17 7
17 8
17 9
17 16
17 1
