1 6
1 7
1 3
1 2
1 4
1 17
1 8
1 15
2 6
2 7
2 12
2 14
2 1
2 11
2 10
2 3
2 4
2 15
2 17
2 16
3 6
3 7
3 12
3 14
3 1
3 10
3 4
3 2
3 15
3 17
3 8
4 6
4 12
4 14
4 5
4 1
4 11
4 10
4 3
4 2
4 15
5 10
5 4
6 7
6 8
6 1
6 3
6 17
6 9
6 10
6 2
6 13
6 4
7 6
7 17
7 8
7 1
7 3
7 13
7 2
7 10
7 9
8 6
8 7
8 1
8 10
8 3
8 9
8 17
8 13
9 6
9 7
9 12
9 14
9 8
10 6
10 7
10 12
10 14
10 5
10 11
10 4
10 3
10 17
10 15
10 2
10 8
10 16
11 12
11 14
11 10
11 16
11 4
11 15
11 2
12 10
12 11
12 9
12 13
12 15
12 2
12 16
12 3
12 4
12 14
13 6
13 7
13 12
13 8
13 17
14 12
14 15
14 16
14 2
14 4
14 3
14 9
14 11
14 10
15 12
15 14
15 1
15 11
15 10
15 3
15 4
15 2
15 16
16 12
16 14
16 11
16 10
16 2
16 15
17 6
17 7
17 1
17 10
17 3
17 8
17 13
17 2
