1 8
1 2
1 5
1 16
1 11
1 10
1 13
2 3
2 1
2 11
2 10
2 9
2 14
2 4
3 2
3 4
3 6
3 12
3 9
3 14
3 11
3 10
4 2
4 3
4 17
4 14
5 17
5 6
5 7
5 16
5 12
5 1
5 18
5 15
5 9
6 3
6 17
6 5
6 7
6 12
6 16
6 15
6 11
6 10
6 18
6 9
7 17
7 5
7 6
7 18
7 13
7 9
7 15
7 16
7 11
7 10
7 14
7 12
8 1
9 2
9 3
9 17
9 5
9 6
9 7
9 18
9 16
9 10
9 15
10 2
10 3
10 17
10 6
10 7
10 18
10 11
10 1
10 13
10 12
10 14
10 9
11 2
11 3
11 17
11 6
11 7
11 18
11 16
11 10
11 14
11 12
11 13
11 15
11 1
12 3
12 17
12 5
12 6
12 7
12 16
12 11
12 10
12 13
12 15
13 17
13 7
13 18
13 16
13 11
13 1
13 10
13 15
13 12
14 2
14 3
14 17
14 7
14 18
14 4
14 11
14 10
15 5
15 6
15 7
15 16
15 11
15 9
15 13
15 12
16 5
16 6
16 7
16 15
16 11
16 1
16 12
16 13
16 9
17 7
17 18
17 11
17 10
17 6
17 12
17 9
17 5
17 14
17 13
17 4
18 17
18 5
18 6
18 7
18 14
18 9
18 13
18 11
18 10
