1 12
1 5
1 15
1 2
1 11
1 10
1 3
1 4
1 7
1 16
2 1
2 6
2 16
2 14
2 15
2 10
3 1
3 6
3 12
3 8
3 11
3 4
3 10
3 5
4 1
4 7
4 12
4 8
4 11
4 3
4 5
4 10
4 15
5 1
5 12
5 11
5 16
5 3
5 4
5 10
6 13
6 9
6 14
6 15
6 2
6 16
6 3
6 10
7 1
7 8
7 16
7 11
7 4
7 10
8 7
8 12
8 11
8 4
8 15
8 10
8 3
9 6
9 13
9 14
10 1
10 7
10 6
10 12
10 8
10 11
10 14
10 3
10 4
10 5
10 2
11 1
11 7
11 12
11 8
11 10
11 4
11 5
11 3
11 15
12 1
12 11
12 10
12 5
12 8
12 4
12 3
12 16
13 6
13 9
13 16
13 14
14 6
14 9
14 2
14 15
14 10
14 13
15 1
15 6
15 8
15 11
15 14
15 4
15 2
16 1
16 7
16 6
16 12
16 13
16 5
16 2
