1 17
1 3
1 15
1 18
1 2
1 16
2 14
2 3
2 13
2 12
2 15
2 1
2 18
2 4
2 5
3 2
3 13
3 18
3 4
3 11
3 5
3 12
3 1
3 15
4 14
4 17
4 3
4 13
4 12
4 15
4 8
4 7
4 6
4 2
4 11
4 16
5 14
5 17
5 3
5 9
5 2
6 14
6 17
6 10
6 9
6 8
6 7
6 11
6 4
7 14
7 17
7 10
7 9
7 8
7 6
7 4
8 14
8 17
8 13
8 10
8 9
8 7
8 6
8 4
9 14
9 17
9 13
9 10
9 6
9 7
9 8
9 16
9 15
9 5
10 14
10 17
10 13
10 8
10 9
10 7
10 6
11 17
11 3
11 13
11 15
11 6
11 16
11 4
12 17
12 3
12 13
12 2
12 15
12 16
12 18
12 4
13 14
13 17
13 3
13 4
13 11
13 2
13 18
13 8
13 10
13 12
13 9
14 17
14 9
14 16
14 15
14 13
14 4
14 8
14 10
14 2
14 5
14 6
14 7
15 14
15 17
15 3
15 12
15 9
15 1
15 16
15 18
15 2
15 4
15 11
16 14
16 17
16 12
16 9
16 15
16 1
16 18
16 11
16 4
17 14
17 16
17 9
17 15
17 11
17 4
17 12
17 10
17 6
17 7
17 8
17 1
17 18
17 5
17 13
18 17
18 3
18 13
18 12
18 15
18 1
18 2
18 16
