1 2
1 6
1 14
1 10
1 16
1 8
1 15
1 13
1 12
1 9
2 6
2 1
2 8
2 9
2 12
2 14
2 16
2 17
3 14
3 17
3 15
3 13
3 12
3 9
4 5
4 14
4 10
4 15
4 9
5 4
5 7
6 2
6 1
6 12
6 9
6 14
6 8
6 7
6 17
6 16
7 5
7 6
8 2
8 6
8 14
8 16
8 17
8 12
8 9
8 13
8 1
9 2
9 6
9 14
9 10
9 11
9 8
9 15
9 13
9 12
9 1
9 4
9 3
10 14
10 9
10 15
10 4
10 13
10 12
10 1
11 14
11 12
11 9
11 15
12 2
12 6
12 14
12 10
12 11
12 8
12 15
12 9
12 1
12 3
13 10
13 8
13 3
13 9
13 1
14 2
14 6
14 9
14 12
14 15
14 8
14 1
14 17
14 3
14 10
14 4
14 11
15 14
15 10
15 17
15 11
15 4
15 3
15 1
15 9
15 12
16 2
16 6
16 17
16 8
16 1
17 2
17 6
17 14
17 16
17 8
17 3
17 15
