1 16
1 8
1 14
1 2
1 13
1 7
1 5
1 3
1 18
1 6
1 17
1 11
2 15
2 16
2 8
2 14
2 3
2 1
2 18
2 6
2 7
2 13
2 17
2 5
2 11
3 15
3 16
3 8
3 14
3 2
3 12
3 13
3 7
3 5
3 1
3 18
3 6
3 4
3 17
3 11
4 15
4 8
4 7
4 5
4 3
4 18
4 6
4 17
5 15
5 8
5 2
5 4
5 6
5 17
5 3
5 18
5 1
6 15
6 16
6 8
6 2
6 12
6 7
6 5
6 3
6 1
6 18
6 4
6 17
7 8
7 14
7 2
7 13
7 9
7 6
7 3
7 18
7 11
7 1
7 17
7 4
8 15
8 16
8 6
8 7
8 3
8 18
8 12
8 4
8 5
8 14
8 2
8 1
8 11
9 14
9 12
9 7
9 18
10 15
10 11
11 8
11 14
11 2
11 13
11 7
11 3
11 1
11 18
11 10
12 8
12 9
12 18
12 6
12 3
13 14
13 2
13 11
13 18
13 1
13 3
13 7
14 8
14 13
14 7
14 9
14 17
14 11
14 2
14 3
14 1
15 16
15 2
15 4
15 5
15 6
15 10
15 18
15 3
15 8
16 15
16 2
16 18
16 3
16 8
16 6
16 1
17 14
17 2
17 7
17 5
17 3
17 1
17 4
17 6
18 15
18 16
18 8
18 2
18 12
18 13
18 7
18 5
18 3
18 1
18 6
18 11
18 9
18 4
