1 2
1 6
1 7
2 12
2 1
2 5
2 10
2 4
2 6
2 11
2 16
2 17
3 13
3 8
3 16
3 17
4 12
4 13
4 5
4 10
4 7
4 6
4 11
4 2
4 17
5 15
5 12
5 14
5 6
5 10
5 4
5 2
5 17
5 7
5 11
6 12
6 1
6 5
6 10
6 7
6 4
6 2
6 11
6 17
6 16
7 12
7 13
7 1
7 5
7 4
7 11
7 6
7 16
8 3
8 15
8 13
8 10
8 16
8 9
9 12
9 13
9 8
9 11
10 15
10 14
10 8
10 5
10 2
10 6
10 4
11 12
11 13
11 5
11 7
11 4
11 6
11 2
11 17
11 9
12 17
12 11
12 9
12 16
12 7
12 4
12 13
12 2
12 6
12 5
13 3
13 12
13 9
13 17
13 8
13 4
13 11
13 7
14 15
14 10
14 5
15 14
15 10
15 5
15 8
16 3
16 12
16 8
16 7
16 6
16 2
16 17
17 3
17 12
17 13
17 5
17 4
17 6
17 2
17 16
17 11
