1 2
1 9
1 6
1 12
1 20
2 9
2 1
2 20
2 12
2 6
3 16
3 15
3 5
3 19
3 8
3 10
3 20
3 7
4 15
4 11
4 5
4 7
5 16
5 15
5 6
5 7
5 19
5 1
6 16
6 15
6 5
6 19
6 1
6 7
7 2
7 15
7 14
7 5
7 9
7 18
8 15
8 5
8 3
8 10
8 7
8 12
8 13
9 2
9 15
9 14
9 4
9 11
9 5
9 7
10 14
10 4
10 11
10 13
10 18
10 20
11 4
11 13
11 12
12 4
12 11
12 13
13 4
13 11
13 12
14 19
15 2
15 16
15 5
15 7
15 17
15 9
16 2
16 15
16 9
16 5
16 7
16 17
17 2
17 12
17 13
17 9
18 2
18 15
18 5
18 9
18 6
18 7
18 1
19 14
19 4
19 11
19 6
19 1
20 6
20 12
20 1
