1 14
1 15
1 3
1 2
1 17
1 4
1 13
1 5
1 10
1 12
1 11
1 9
2 14
2 15
2 1
2 3
2 4
2 5
2 10
2 17
2 13
2 12
2 11
2 9
3 14
3 15
3 1
3 2
3 10
3 4
3 5
3 17
3 13
3 9
3 11
3 12
4 14
4 15
4 1
4 3
4 2
4 17
4 9
4 10
4 11
4 5
4 13
4 12
5 14
5 15
5 1
5 3
5 2
5 17
5 9
5 10
5 11
5 4
5 12
5 13
6 8
6 19
6 7
7 14
7 3
7 8
7 10
7 11
7 5
8 14
8 3
8 7
8 11
8 5
8 10
9 14
9 15
9 3
9 12
9 10
9 11
9 6
9 5
10 14
10 15
10 3
10 9
10 6
10 11
10 5
10 12
11 14
11 15
11 3
11 9
11 6
11 10
11 5
11 12
12 15
12 1
12 2
12 17
12 9
12 13
13 15
13 1
13 2
13 17
13 9
13 12
14 11
14 5
14 19
15 9
15 12
15 18
15 3
15 10
15 8
15 6
16 3
16 10
16 18
17 1
17 18
17 13
17 16
18 1
18 17
18 16
18 13
19 3
19 6
19 10
