1 10
2 3
2 18
2 17
2 20
2 8
2 6
3 2
3 6
3 18
3 8
3 20
3 17
4 18
4 5
4 11
4 2
4 10
4 1
5 18
5 4
5 2
5 10
5 1
5 11
6 13
6 5
7 19
8 17
8 20
8 9
8 14
8 11
8 10
8 4
8 1
9 17
9 20
9 14
9 11
9 10
9 8
9 4
9 1
10 17
10 20
10 9
10 14
10 8
10 11
10 4
10 1
11 17
11 20
11 9
11 14
11 8
11 10
11 4
11 1
12 13
12 3
12 16
13 12
13 3
13 16
14 9
14 15
14 12
14 16
14 19
14 7
15 9
15 14
15 19
15 12
15 7
15 16
16 18
16 17
16 20
16 8
16 12
16 2
17 18
17 20
17 16
17 8
17 12
17 2
18 2
18 19
18 16
18 7
18 12
19 18
19 7
19 12
19 16
19 2
20 13
20 17
20 8
20 16
20 7
20 19
20 12
20 5
