1 14
1 13
1 16
1 7
2 14
2 6
2 16
2 7
3 18
3 13
3 19
3 11
3 1
3 17
4 15
4 13
4 1
5 4
5 18
5 6
5 15
5 2
5 17
6 4
6 18
6 2
6 5
6 17
6 15
7 14
7 4
7 6
7 15
7 16
7 19
7 2
7 11
8 9
8 6
8 2
8 16
8 7
8 14
9 8
9 6
9 13
9 19
9 10
9 11
9 1
9 2
10 8
10 6
10 13
10 19
10 9
10 1
10 2
10 11
11 8
11 6
11 13
11 19
11 9
11 1
11 2
11 10
12 14
12 4
12 15
12 13
12 16
12 7
12 5
12 1
13 14
13 4
13 15
13 12
13 1
13 5
13 7
13 16
14 12
14 7
14 16
14 13
14 1
14 5
14 4
14 15
15 8
15 4
15 12
15 9
16 14
16 7
16 19
16 11
17 8
17 18
17 9
18 17
18 19
18 3
18 10
18 11
19 18
19 11
19 10
19 3
19 17
