1 3
1 9
1 15
1 21
2 20
2 14
2 13
2 7
2 19
2 5
3 9
3 11
3 12
4 3
4 9
5 3
5 19
5 7
5 9
6 2
6 14
6 16
6 18
6 10
7 20
7 19
7 5
7 8
7 17
8 20
8 19
8 7
8 5
8 17
9 3
9 11
9 10
9 1
9 12
9 4
10 3
10 11
10 9
10 4
10 12
10 1
11 20
11 3
11 12
11 16
11 17
11 8
11 13
11 9
12 11
13 3
13 2
13 14
13 9
13 18
14 3
14 2
14 13
14 18
14 9
15 20
15 2
15 14
15 11
15 13
15 21
15 12
16 19
16 7
16 11
16 17
16 5
16 12
16 8
17 19
17 7
17 11
17 16
17 5
17 8
17 12
18 15
18 21
18 1
18 6
19 20
19 2
19 14
19 5
19 7
19 18
19 4
20 19
20 14
20 2
20 5
20 7
20 18
20 4
21 11
21 13
21 15
21 12
