1 16
1 5
1 9
1 19
1 11
2 20
2 10
2 17
2 3
2 1
2 9
2 13
2 4
2 14
3 20
3 10
3 17
3 2
3 14
3 13
3 1
3 9
3 4
4 7
4 16
4 20
4 10
4 5
4 14
4 1
4 9
4 19
5 7
5 16
5 20
5 10
5 19
5 4
5 9
5 1
5 14
6 15
6 12
6 17
6 13
6 3
8 15
8 6
8 12
8 11
9 20
9 14
9 1
10 6
10 20
10 12
10 4
10 15
10 14
11 6
11 12
11 15
11 17
12 6
12 15
12 11
12 17
13 7
13 6
13 12
13 10
13 15
13 3
13 4
14 6
14 20
14 12
14 15
14 18
14 1
14 9
15 6
15 20
15 12
15 14
15 1
15 9
15 18
16 7
16 19
16 5
16 2
17 6
17 12
17 15
17 11
18 7
18 16
18 20
18 5
18 14
18 1
18 9
18 19
19 7
19 16
19 5
20 14
20 13
20 3
