1 4
1 19
1 6
1 12
1 3
1 16
1 21
2 9
2 17
2 10
2 20
2 8
3 4
3 19
3 9
3 15
3 17
3 11
3 16
4 19
4 3
4 9
4 17
4 16
4 11
4 15
5 6
5 21
5 13
5 4
5 19
5 17
5 1
6 5
6 4
6 19
6 1
6 21
6 17
6 13
7 4
7 19
7 13
7 15
7 11
7 21
8 4
8 19
8 6
8 9
8 1
8 20
8 16
8 3
9 4
9 19
9 10
9 2
10 4
10 19
10 9
10 2
11 17
11 12
11 2
11 10
12 17
12 11
12 10
12 2
13 5
13 14
13 21
13 11
13 17
13 18
14 5
14 13
14 18
14 11
14 17
14 21
15 17
15 14
15 18
15 8
15 20
16 4
16 19
16 14
16 17
16 18
16 3
17 4
17 19
17 14
17 18
17 16
17 3
18 4
18 19
18 14
18 17
18 16
18 3
19 4
19 17
19 16
19 18
19 3
19 14
20 4
20 19
20 7
20 14
20 17
20 12
20 18
20 21
20 8
21 4
21 19
21 7
21 14
21 17
21 12
21 18
21 20
21 8
