1 14
1 2
1 16
2 14
2 9
2 3
2 16
2 7
3 14
3 9
3 2
3 16
3 7
4 5
4 13
4 6
4 15
5 6
5 4
5 13
5 15
6 5
6 13
6 1
6 3
6 7
6 4
6 15
7 5
7 13
7 1
7 3
7 6
7 15
7 4
8 1
8 19
9 10
9 12
9 8
9 3
9 7
9 18
10 18
10 12
10 9
10 8
10 3
10 7
11 10
11 9
11 12
11 8
11 18
12 10
12 9
12 11
12 18
12 8
13 14
13 9
13 4
13 15
13 16
13 2
14 16
14 2
14 15
14 19
14 11
14 13
14 4
15 14
15 11
15 13
15 2
15 16
15 4
15 19
16 14
16 10
16 5
16 2
16 17
16 18
16 6
16 12
17 14
17 10
17 5
17 2
17 16
17 18
17 6
17 12
18 14
18 10
18 5
18 2
18 17
18 16
18 6
18 12
19 14
19 2
19 16
