1 16
1 7
1 11
1 2
1 17
1 3
1 15
1 10
2 16
2 7
2 11
2 1
2 3
2 17
2 10
2 15
3 16
3 7
3 11
3 2
3 1
3 15
3 10
3 17
4 5
4 8
4 13
4 6
4 19
5 4
5 6
5 19
5 8
5 13
6 5
6 16
6 4
6 8
6 1
6 9
6 17
7 8
7 9
7 4
7 13
8 7
8 4
8 9
8 13
9 7
9 4
9 8
9 13
10 4
10 11
10 8
10 12
11 5
11 10
11 6
11 19
12 1
12 13
12 19
12 14
12 18
12 9
12 3
12 17
13 1
13 12
13 14
13 3
13 17
13 19
13 9
13 18
14 1
14 13
14 19
14 12
14 3
14 9
14 17
14 18
15 16
15 4
15 8
15 13
15 19
15 12
16 15
16 4
16 8
16 13
16 19
16 12
17 5
17 16
17 1
17 6
17 18
18 5
18 16
18 1
18 6
18 17
19 5
19 16
19 6
