1 3
1 2
1 10
1 9
1 6
1 18
1 4
2 3
2 1
2 6
2 9
2 4
2 10
2 18
3 4
3 2
4 3
4 2
5 6
5 14
5 18
5 10
5 9
6 5
6 18
6 14
6 10
6 9
7 16
7 8
7 17
7 13
7 1
7 4
7 2
7 12
7 15
8 1
8 4
8 17
8 2
9 10
9 4
9 2
9 8
9 17
10 7
10 16
10 6
10 9
10 11
10 12
10 18
10 15
11 7
11 16
11 6
11 9
11 10
11 12
11 18
11 15
12 7
12 16
12 6
12 9
12 10
12 15
12 11
12 18
13 7
13 16
13 5
13 14
14 5
14 9
14 10
14 12
14 15
15 5
15 9
15 10
15 12
15 14
16 7
16 17
16 8
17 7
17 16
17 8
18 7
18 16
18 6
18 8
18 17
19 4
19 2
19 11
19 14
19 5
19 3
19 7
19 16
