1 6
1 2
1 14
1 20
1 12
1 13
1 16
1 7
2 6
2 1
2 20
2 14
2 13
2 16
2 7
2 12
3 6
3 1
3 19
3 17
3 14
4 15
4 8
4 17
4 18
4 16
4 13
4 20
4 2
5 9
5 11
6 1
6 14
6 11
6 19
6 3
6 7
7 12
8 2
8 9
8 15
8 12
8 10
8 5
8 20
8 18
9 6
9 1
9 5
9 12
9 8
9 15
9 14
10 2
10 17
10 20
11 6
11 1
11 13
11 12
11 16
11 14
12 6
12 1
12 11
12 13
12 14
12 16
13 6
13 1
13 11
13 12
13 16
13 14
14 6
14 1
14 9
14 18
14 12
14 5
15 9
15 8
15 16
15 18
15 5
15 13
16 9
16 15
16 13
16 8
16 18
16 5
17 7
17 18
18 7
18 17
19 2
19 9
19 3
19 20
19 5
19 17
20 2
20 9
20 19
20 17
20 3
20 5
