1 6
1 15
1 7
1 2
1 14
1 3
1 13
1 18
1 4
2 6
2 15
2 7
2 1
2 3
2 14
2 13
2 4
2 18
3 6
3 15
3 7
3 1
3 2
3 4
3 13
3 14
3 18
4 6
4 7
4 5
4 11
4 8
4 3
4 17
4 10
4 16
5 6
5 7
5 4
5 16
5 17
5 3
5 8
5 10
5 11
6 7
6 3
6 16
6 9
6 2
6 15
7 6
7 3
7 5
7 9
8 15
8 9
8 13
8 2
9 15
9 8
9 2
9 13
10 11
10 16
11 10
11 12
11 9
11 8
12 1
12 14
12 13
13 1
13 14
13 12
14 15
14 5
14 1
14 2
14 17
14 4
15 2
15 14
15 4
15 5
15 1
15 17
16 6
16 7
16 5
16 8
16 3
16 17
17 5
17 11
17 9
17 18
17 16
17 10
18 5
18 11
18 9
18 17
18 16
18 10
