1 3
1 2
2 3
2 1
3 2
3 1
3 4
4 12
4 20
4 19
4 17
5 6
5 18
5 15
5 9
5 14
6 5
6 15
6 18
6 9
6 14
7 5
7 15
7 4
7 18
7 10
8 10
8 13
9 16
9 5
9 18
9 6
10 11
10 14
11 10
11 14
12 16
12 3
12 19
12 20
12 13
12 14
12 10
12 17
12 7
12 15
13 16
13 3
13 12
13 15
13 20
13 19
13 17
13 14
13 10
13 7
14 16
14 3
14 12
14 15
14 20
14 19
14 17
14 13
14 7
14 10
15 16
15 5
15 11
15 2
15 13
15 18
16 15
16 11
16 2
16 5
16 18
16 13
17 16
17 3
17 12
17 20
17 19
17 9
17 6
17 10
18 5
18 12
18 20
18 19
18 7
18 13
19 12
19 15
19 20
19 17
20 5
20 3
20 12
20 19
20 18
20 14
20 17
20 9
20 6
