1 3
1 5
1 2
1 4
1 6
1 19
1 14
1 9
1 10
1 16
1 11
1 12
2 3
2 7
2 13
2 4
2 19
2 1
2 9
2 16
2 14
2 12
2 11
2 10
3 2
3 16
3 14
3 12
3 4
3 11
3 19
3 1
3 9
3 13
3 10
3 7
4 3
4 7
4 2
4 10
4 19
4 1
4 9
4 16
4 14
4 12
4 11
4 13
5 17
5 19
5 9
5 1
5 12
5 18
5 10
6 18
6 19
6 9
6 1
6 13
6 17
7 3
7 4
7 10
7 2
7 13
7 11
7 12
8 15
8 12
9 3
9 5
9 2
9 4
9 6
9 19
9 1
9 10
9 17
10 3
10 5
10 7
10 2
10 4
10 19
10 1
10 9
10 17
11 3
11 7
11 2
11 4
11 14
11 1
11 12
11 16
12 3
12 8
12 5
12 7
12 2
12 4
12 15
12 14
12 1
12 17
12 11
12 16
13 3
13 7
13 2
13 4
13 6
13 18
14 3
14 2
14 4
14 12
14 11
14 16
14 1
15 8
15 12
16 3
16 2
16 4
16 14
16 1
16 11
16 12
17 5
17 6
17 9
17 18
17 12
17 10
18 5
18 6
18 17
18 13
19 3
19 5
19 2
19 4
19 6
19 9
19 1
19 10
