1 14
1 8
1 9
1 11
1 7
1 12
2 19
2 4
2 8
2 6
2 18
2 3
2 5
2 16
2 17
2 13
2 10
2 9
2 12
3 4
3 8
3 2
3 6
3 9
3 10
3 11
3 16
3 17
3 12
3 18
3 13
4 19
4 13
4 5
4 2
4 3
5 4
5 2
5 6
5 13
5 9
5 10
5 18
5 11
6 19
6 2
6 18
6 5
6 3
6 9
6 16
6 17
6 10
6 13
7 15
7 8
7 9
7 10
7 16
7 1
7 12
7 17
7 13
8 15
8 19
8 7
8 12
8 17
8 9
8 1
8 16
8 18
8 10
8 11
8 13
8 3
8 2
9 15
9 19
9 8
9 2
9 6
9 5
9 7
9 1
9 13
9 10
9 16
9 3
9 17
9 18
9 12
10 14
10 19
10 8
10 2
10 6
10 5
10 9
10 11
10 13
10 3
10 7
10 16
10 12
10 17
11 14
11 15
11 19
11 8
11 5
11 10
11 1
11 13
11 16
11 3
11 12
11 17
12 19
12 8
12 2
12 9
12 10
12 11
12 16
12 7
12 3
12 17
12 18
12 20
12 1
13 4
13 8
13 2
13 6
13 5
13 9
13 10
13 11
13 7
13 3
14 11
14 15
14 1
14 10
15 14
15 11
15 7
15 9
15 8
15 20
16 19
16 8
16 2
16 6
16 9
16 10
16 11
16 17
16 18
16 12
16 20
16 3
16 7
17 19
17 8
17 2
17 6
17 9
17 10
17 11
17 16
17 7
17 3
17 18
17 12
17 20
18 19
18 8
18 2
18 6
18 5
18 9
18 16
18 3
18 17
18 20
18 12
19 17
19 18
19 16
19 11
19 10
19 8
19 12
19 6
19 2
19 20
19 4
19 9
20 15
20 19
20 16
20 17
20 18
20 12
