1 3
1 8
1 4
1 2
1 16
1 9
1 5
1 17
1 11
2 3
2 8
2 18
2 4
2 1
2 6
2 7
2 11
2 17
2 16
2 5
2 9
3 9
3 8
3 17
3 18
3 11
3 2
3 1
3 6
3 7
3 5
3 16
3 4
4 3
4 8
4 18
4 2
4 16
4 1
4 12
4 10
4 14
4 11
4 7
4 5
4 6
4 17
5 3
5 8
5 4
5 1
5 10
5 12
5 6
5 7
5 17
5 16
5 2
5 14
5 9
6 3
6 8
6 4
6 10
6 12
6 7
6 5
6 2
6 16
6 9
6 14
7 3
7 8
7 4
7 10
7 12
7 6
7 5
7 2
7 16
7 14
7 9
8 3
8 6
8 9
8 7
8 5
8 2
8 1
8 4
8 16
8 12
8 14
8 10
9 3
9 8
9 18
9 1
9 6
9 7
9 11
9 2
9 5
10 8
10 18
10 4
10 14
10 12
10 15
10 6
10 7
10 5
10 11
11 3
11 18
11 4
11 1
11 10
11 13
11 16
11 2
11 9
11 15
12 8
12 4
12 10
12 14
12 6
12 7
12 5
12 15
13 11
14 8
14 4
14 10
14 12
14 6
14 7
14 15
14 5
15 10
15 12
15 11
15 14
16 3
16 8
16 18
16 4
16 1
16 6
16 7
16 11
16 17
16 2
16 5
17 3
17 4
17 1
17 16
17 5
17 2
18 3
18 11
18 16
18 4
18 2
18 10
18 9
