1 16
1 3
1 6
1 2
1 8
1 18
1 7
1 13
1 11
2 16
2 3
2 6
2 1
2 18
2 11
2 17
2 7
2 13
2 15
3 14
3 6
3 7
3 5
3 4
3 13
3 18
3 9
3 12
3 15
3 8
3 1
3 2
3 19
4 3
4 6
4 5
4 18
4 7
4 13
4 8
4 9
4 12
4 15
5 3
5 6
5 7
5 4
5 9
5 12
5 15
5 13
5 18
5 17
5 8
5 10
6 14
6 3
6 4
6 7
6 5
6 13
6 18
6 17
6 8
6 9
6 10
6 2
6 1
6 12
6 15
7 14
7 3
7 6
7 1
7 5
7 18
7 2
7 4
7 13
7 17
7 9
7 10
7 8
7 12
7 15
8 3
8 6
8 1
8 5
8 7
8 4
8 12
8 15
9 16
9 14
9 3
9 6
9 5
9 18
9 7
9 17
9 19
9 4
9 10
10 16
10 14
10 6
10 5
10 18
10 7
10 19
10 9
10 15
11 1
11 18
11 2
11 12
11 17
11 15
12 3
12 6
12 5
12 11
12 7
12 4
12 8
12 15
13 14
13 3
13 6
13 1
13 5
13 18
13 2
13 7
13 4
13 19
14 16
14 13
14 9
14 10
14 6
14 7
14 18
14 3
15 3
15 6
15 5
15 2
15 11
15 7
15 19
15 4
15 8
15 12
15 10
16 1
16 9
16 10
16 2
16 14
17 6
17 5
17 18
17 2
17 11
17 7
17 9
18 14
18 3
18 6
18 1
18 5
18 17
18 7
18 9
18 4
18 11
18 2
18 13
18 10
19 3
19 13
19 10
19 15
19 9
