1 11
1 16
1 3
1 8
1 15
1 7
1 18
1 13
2 4
2 3
2 8
2 5
3 16
3 4
3 8
3 2
3 10
3 1
3 15
4 17
4 3
4 7
4 5
4 18
4 2
4 8
4 10
5 4
5 8
5 2
6 11
6 17
6 18
7 16
7 4
7 15
7 1
8 11
8 12
8 16
8 14
8 4
8 3
8 2
8 5
8 15
8 1
8 9
8 18
8 13
9 11
9 12
9 16
9 14
9 8
9 15
9 10
9 13
10 11
10 17
10 12
10 16
10 14
10 4
10 3
10 15
10 13
10 18
10 9
11 12
11 13
11 10
11 14
11 9
11 16
11 18
11 8
11 6
11 1
11 17
11 15
12 11
12 17
12 10
12 14
12 13
12 9
12 15
12 8
12 16
12 18
13 11
13 17
13 12
13 16
13 14
13 8
13 15
13 1
13 10
13 9
13 18
14 11
14 17
14 12
14 16
14 9
14 8
14 10
14 13
14 15
15 11
15 12
15 16
15 14
15 3
15 8
15 13
15 18
15 10
15 7
15 1
15 9
16 11
16 17
16 12
16 15
16 13
16 18
16 9
16 14
16 1
16 8
16 3
16 7
16 10
17 11
17 18
17 14
17 10
17 13
17 12
17 4
17 16
17 6
18 11
18 17
18 12
18 16
18 4
18 8
18 15
18 1
18 10
18 13
18 6
