1 17
1 14
1 13
1 16
1 19
1 7
1 12
1 8
1 18
2 17
2 9
2 11
2 16
2 19
2 12
2 18
3 17
3 4
3 15
3 9
3 5
3 6
3 10
4 17
4 5
4 6
4 10
4 3
4 15
4 14
4 9
4 13
4 12
5 17
5 4
5 14
5 6
5 10
5 3
6 4
6 15
6 9
6 14
6 5
6 13
6 10
6 12
6 3
7 14
7 19
7 8
7 18
7 1
8 17
8 14
8 13
8 16
8 19
8 7
8 12
8 1
8 18
9 4
9 15
9 12
9 19
9 2
9 3
9 6
9 10
9 13
9 14
9 11
10 17
10 4
10 15
10 9
10 14
10 5
10 13
10 6
10 3
10 12
11 9
11 14
11 13
11 16
11 12
11 19
11 2
12 4
12 15
12 9
12 14
12 11
12 13
12 19
12 6
12 10
12 2
12 18
12 1
12 8
13 4
13 15
13 9
13 14
13 11
13 12
13 6
13 10
13 19
13 18
13 1
13 8
14 4
14 15
14 9
14 13
14 12
14 6
14 10
14 18
14 19
14 1
14 8
14 5
14 11
14 7
15 17
15 4
15 3
15 6
15 10
15 12
15 13
15 14
15 9
16 17
16 11
16 18
16 2
16 19
16 8
16 1
17 16
17 18
17 15
17 3
17 19
17 8
17 1
17 5
17 4
17 2
17 10
18 17
18 14
18 13
18 16
18 19
18 7
18 12
18 2
18 1
18 8
19 17
19 9
19 14
19 11
19 13
19 16
19 18
19 8
19 1
19 2
19 7
19 12
