1 2
1 12
1 3
1 13
1 4
2 3
2 1
2 5
3 2
3 10
3 12
3 7
3 15
3 1
3 17
3 5
4 13
4 1
4 6
5 2
5 16
5 10
5 12
5 9
5 3
5 13
5 17
5 18
5 14
6 10
6 14
6 17
6 4
7 8
7 10
7 12
7 15
7 3
7 9
7 11
7 14
8 12
8 11
8 9
8 10
8 7
8 15
8 14
8 17
9 8
9 10
9 12
9 7
9 15
9 11
9 14
9 17
9 5
10 16
10 8
10 11
10 12
10 9
10 17
10 3
10 7
10 15
10 6
10 5
10 14
10 18
11 8
11 10
11 12
11 7
11 15
11 9
11 14
11 17
12 8
12 10
12 9
12 11
12 7
12 5
12 14
12 3
12 15
12 17
12 1
13 16
13 5
13 14
13 17
13 18
13 4
13 1
14 16
14 8
14 10
14 12
14 7
14 15
14 9
14 5
14 13
14 11
14 6
15 8
15 10
15 12
15 7
15 14
15 3
15 9
15 11
16 18
16 17
16 5
16 13
16 14
16 10
17 16
17 8
17 10
17 12
17 9
17 3
17 5
17 13
17 18
17 6
17 11
18 16
18 10
18 5
18 13
18 17
