1 3
1 4
1 5
1 2
1 6
1 16
1 14
1 13
1 17
2 1
2 3
2 4
2 6
2 16
2 17
2 5
2 13
2 12
3 1
3 5
3 4
3 6
3 2
3 10
3 9
3 16
3 17
3 13
3 11
4 1
4 3
4 6
4 5
4 2
4 16
4 17
4 12
4 13
4 11
4 14
4 15
5 1
5 3
5 4
5 6
5 16
5 17
5 2
5 12
5 13
6 1
6 3
6 4
6 5
6 17
6 2
6 16
6 15
6 13
7 13
8 15
8 16
8 11
8 17
8 12
9 3
9 14
9 10
10 3
10 9
10 14
10 12
11 3
11 4
11 15
11 16
11 8
11 12
11 17
12 4
12 15
12 16
12 11
12 5
12 2
12 8
12 13
12 10
13 1
13 3
13 4
13 6
13 5
13 7
13 2
13 12
14 1
14 9
14 4
14 16
14 10
15 4
15 6
15 16
15 17
15 8
15 11
15 12
16 1
16 3
16 4
16 6
16 15
16 17
16 8
16 11
16 14
16 12
16 5
16 2
17 1
17 3
17 4
17 6
17 15
17 16
17 11
17 8
17 5
17 2
