1 13
1 2
1 18
1 9
1 15
1 4
1 8
1 16
1 10
1 11
1 5
1 12
2 17
2 13
2 1
2 12
2 11
2 14
2 15
2 19
2 4
2 16
2 6
2 8
2 10
2 18
2 9
3 4
3 10
3 19
4 17
4 3
4 13
4 1
4 14
4 15
4 19
4 2
4 16
5 17
5 1
5 11
5 19
5 9
5 6
6 12
6 14
6 15
6 19
6 2
6 5
7 17
7 11
7 8
7 19
7 16
7 18
8 17
8 13
8 1
8 11
8 7
8 14
8 15
8 19
8 16
8 2
8 18
9 1
9 12
9 14
9 19
9 2
9 18
9 5
10 17
10 3
10 13
10 1
10 14
10 15
10 16
10 2
11 17
11 13
11 1
11 12
11 7
11 8
11 14
11 16
11 15
11 2
11 5
12 17
12 1
12 6
12 9
12 18
12 11
12 15
12 2
13 17
13 10
13 15
13 14
13 16
13 1
13 2
13 4
13 8
13 11
14 17
14 13
14 11
14 16
14 15
14 4
14 8
14 6
14 2
14 10
14 9
15 17
15 13
15 1
15 12
15 11
15 14
15 16
15 2
15 6
15 10
15 19
15 8
15 4
16 17
16 13
16 1
16 11
16 7
16 14
16 15
16 4
16 8
16 2
16 18
16 10
17 14
17 16
17 15
17 11
17 13
17 12
17 8
17 2
17 4
17 5
17 7
17 10
18 1
18 12
18 7
18 19
18 16
18 2
18 9
18 8
19 3
19 7
19 15
19 2
19 8
19 5
19 18
19 9
19 4
19 6
