1 8
1 13
1 9
2 3
2 8
2 13
2 15
2 10
2 14
2 16
2 18
2 9
2 11
2 7
2 4
2 17
3 4
3 16
3 6
3 18
3 14
3 10
3 2
3 15
4 3
4 13
4 2
4 16
4 6
4 14
4 18
4 5
4 10
4 15
5 8
5 13
5 12
5 17
5 11
5 16
5 9
5 14
5 10
5 4
5 15
6 3
6 12
6 11
6 7
6 4
7 8
7 2
7 11
7 15
7 10
7 6
8 9
8 10
8 1
8 5
8 18
8 13
8 2
8 15
8 7
9 8
9 13
9 2
9 12
9 11
9 10
9 5
9 1
9 15
10 3
10 8
10 13
10 2
10 17
10 16
10 7
10 9
10 14
10 18
10 5
10 4
10 15
11 13
11 2
11 15
11 14
11 16
11 5
11 9
11 7
11 6
12 13
12 6
12 9
12 5
13 8
13 9
13 12
13 1
13 2
13 4
13 5
13 10
13 11
14 3
14 2
14 11
14 16
14 18
14 15
14 5
14 4
14 10
15 3
15 8
15 2
15 17
15 11
15 16
15 7
15 9
15 14
15 18
15 5
15 4
15 10
16 3
16 2
16 17
16 11
16 14
16 15
16 18
16 4
16 5
16 10
17 2
17 16
17 15
17 10
17 5
18 3
18 8
18 2
18 16
18 14
18 4
18 10
18 15
