1 14
1 18
1 12
1 13
2 5
2 12
2 15
2 10
2 11
2 3
2 9
2 16
2 7
2 8
3 5
3 15
3 10
3 11
3 2
3 16
3 9
3 4
3 8
3 7
4 5
4 17
4 18
4 12
4 3
4 7
4 16
5 3
5 16
5 4
5 11
5 10
5 9
5 2
5 15
5 17
5 12
6 14
6 13
6 15
6 11
6 19
6 8
7 17
7 18
7 2
7 3
7 4
8 6
8 18
8 2
8 3
9 5
9 12
9 15
9 10
9 11
9 2
9 3
9 19
9 16
10 5
10 18
10 15
10 11
10 9
10 19
10 2
10 16
10 3
11 5
11 6
11 18
11 15
11 10
11 9
11 16
11 3
11 2
11 19
12 5
12 17
12 18
12 9
12 2
12 15
12 16
12 13
12 1
12 4
13 6
13 14
13 18
13 12
13 1
14 6
14 13
14 1
14 19
14 18
15 5
15 17
15 6
15 18
15 12
15 11
15 16
15 2
15 3
15 10
15 9
16 5
16 17
16 18
16 12
16 15
16 10
16 11
16 2
16 3
16 4
16 9
17 5
17 12
17 4
17 15
17 16
17 7
18 14
18 10
18 15
18 11
18 7
18 4
18 13
18 1
18 16
18 8
18 12
19 6
19 14
19 10
19 11
19 9
