1 16
1 15
1 2
1 14
1 8
1 5
1 7
1 12
1 3
2 16
2 15
2 3
2 14
2 1
2 8
2 7
3 2
3 1
3 14
3 12
4 9
4 11
4 14
4 12
4 10
5 16
5 15
5 9
5 11
5 1
5 8
5 7
5 10
5 12
6 13
6 10
7 16
7 17
7 15
7 9
7 13
7 2
7 11
7 1
7 14
7 5
7 10
7 12
7 8
8 16
8 15
8 9
8 2
8 11
8 1
8 14
8 5
8 10
8 7
8 12
9 16
9 17
9 15
9 13
9 10
9 7
9 11
9 14
9 12
9 4
9 5
9 8
10 16
10 17
10 15
10 9
10 13
10 11
10 4
10 5
10 8
10 7
10 6
11 16
11 17
11 15
11 9
11 13
11 10
11 4
11 7
11 5
11 8
12 16
12 17
12 15
12 9
12 13
12 1
12 4
12 5
12 3
12 7
12 8
13 16
13 17
13 15
13 9
13 7
13 10
13 11
13 14
13 12
13 6
14 16
14 17
14 15
14 9
14 13
14 2
14 1
14 8
14 7
14 3
14 4
15 16
15 17
15 7
15 13
15 9
15 2
15 14
15 1
15 12
15 8
15 5
15 10
15 11
16 15
16 8
16 5
16 2
16 14
16 1
16 10
16 9
16 11
16 7
16 17
16 13
16 12
17 16
17 15
17 13
17 9
17 7
17 11
17 14
17 10
17 12
