1 17
1 5
1 7
1 9
1 14
1 18
1 6
1 13
1 16
1 8
1 2
2 5
2 9
2 14
2 13
2 8
2 3
2 1
3 5
3 7
3 11
3 12
3 9
3 14
3 6
3 13
3 10
3 2
4 5
4 7
4 11
4 12
4 9
4 6
4 10
4 8
4 15
5 17
5 7
5 6
5 9
5 4
5 8
5 1
5 10
5 3
5 2
5 18
5 16
5 12
5 11
6 5
6 7
6 11
6 12
6 9
6 14
6 10
6 3
6 8
6 1
6 13
6 4
7 5
7 4
7 6
7 9
7 15
7 8
7 1
7 12
7 11
7 10
7 3
8 17
8 5
8 7
8 14
8 18
8 6
8 13
8 16
8 1
8 2
8 4
9 17
9 5
9 7
9 11
9 12
9 10
9 1
9 2
9 15
9 14
9 18
9 4
9 3
9 6
9 16
10 5
10 7
10 11
10 12
10 9
10 14
10 18
10 6
10 13
10 3
10 4
10 15
11 17
11 5
11 7
11 14
11 18
11 9
11 10
11 12
11 4
11 13
11 16
11 3
11 6
11 15
12 5
12 7
12 11
12 15
12 9
12 10
12 4
12 14
12 13
12 18
12 3
12 6
13 17
13 11
13 12
13 14
13 18
13 6
13 8
13 1
13 10
13 3
13 16
13 2
13 15
14 17
14 11
14 12
14 9
14 18
14 13
14 16
14 10
14 8
14 1
14 15
14 6
14 3
14 2
15 7
15 11
15 12
15 9
15 14
15 13
15 10
15 4
16 17
16 5
16 11
16 9
16 14
16 18
16 13
16 8
16 1
17 18
17 16
17 14
17 11
17 9
17 5
17 13
17 8
17 1
18 17
18 5
18 11
18 12
18 9
18 14
18 16
18 13
18 10
18 8
18 1
