1 7
1 13
1 12
1 10
1 11
1 14
1 8
1 2
1 15
2 4
2 1
2 3
3 4
3 2
3 15
4 3
4 2
4 16
5 13
5 12
5 10
5 11
5 14
5 6
5 9
5 16
6 13
6 12
6 10
6 11
6 14
6 5
6 16
6 9
7 15
7 8
7 1
8 7
8 11
8 15
8 1
9 13
9 6
9 15
9 5
9 16
10 13
10 12
10 14
10 11
10 1
10 5
10 6
10 16
11 13
11 12
11 10
11 14
11 8
11 1
11 5
11 6
11 16
12 13
12 10
12 14
12 1
12 11
12 5
12 6
12 16
13 5
13 6
13 16
13 10
13 14
13 12
13 11
13 1
13 9
14 13
14 12
14 10
14 11
14 1
14 5
14 6
14 16
15 7
15 8
15 9
15 1
15 3
16 13
16 12
16 10
16 11
16 14
16 6
16 9
16 4
16 5
