1 7
1 4
1 9
1 2
2 1
2 15
2 5
2 16
3 7
3 4
3 9
3 11
4 7
4 3
4 15
4 5
4 11
4 1
5 10
5 13
5 7
5 8
5 4
5 11
5 12
5 14
5 6
5 16
5 2
6 10
6 13
6 11
6 12
6 14
6 16
6 5
7 4
7 15
7 14
7 5
7 1
7 8
7 3
8 7
8 5
8 16
8 12
8 9
9 10
9 13
9 8
9 1
9 3
10 13
10 11
10 9
10 6
10 15
10 14
10 12
10 5
10 16
11 10
11 13
11 4
11 5
11 16
11 6
11 3
11 14
11 12
12 10
12 13
12 8
12 11
12 14
12 6
12 5
12 16
13 10
13 14
13 12
13 11
13 5
13 16
13 6
13 9
13 15
14 10
14 13
14 7
14 11
14 12
14 6
14 5
14 16
15 10
15 13
15 7
15 4
15 16
15 2
16 10
16 13
16 8
16 11
16 12
16 14
16 6
16 15
16 5
16 2
