1 6
1 10
1 4
1 14
1 5
1 7
1 8
1 13
1 12
1 3
1 2
2 15
2 6
2 10
2 4
2 14
2 7
2 13
2 9
2 1
2 12
3 6
3 7
3 8
3 13
3 1
4 6
4 10
4 11
4 1
4 5
4 12
4 2
4 7
4 8
4 13
4 14
4 16
5 15
5 6
5 10
5 11
5 4
5 16
5 1
5 12
5 7
5 8
6 15
6 7
6 10
6 12
6 1
6 8
6 4
6 2
6 11
6 5
6 13
6 14
6 3
6 9
7 15
7 6
7 10
7 11
7 4
7 5
7 8
7 12
7 1
7 9
7 3
7 2
8 15
8 6
8 10
8 11
8 4
8 5
8 7
8 3
8 1
8 12
8 9
9 15
9 6
9 7
9 8
9 12
9 2
10 6
10 4
10 12
10 1
10 5
10 13
10 14
10 7
10 8
10 2
11 6
11 13
11 14
11 5
11 4
11 8
11 7
12 6
12 10
12 4
12 14
12 5
12 7
12 8
12 13
12 9
12 1
12 2
13 6
13 10
13 11
13 4
13 14
13 2
13 3
13 1
13 12
14 15
14 6
14 10
14 11
14 4
14 13
14 2
14 1
14 12
15 7
15 2
15 6
15 8
15 14
15 9
15 5
16 4
16 5
