1 4
1 7
1 9
1 6
1 3
1 2
1 10
1 8
1 13
1 15
1 16
1 17
2 4
2 7
2 9
2 3
2 18
2 1
2 13
2 8
2 15
2 10
2 11
3 4
3 6
3 5
3 8
3 17
3 16
3 15
3 10
3 1
3 2
4 8
4 10
4 5
4 3
4 6
4 7
4 9
4 17
4 1
4 2
4 15
4 16
5 4
5 6
5 3
5 11
5 8
5 16
5 15
5 17
5 10
6 4
6 5
6 3
6 1
7 4
7 2
7 8
7 10
7 16
7 11
7 14
7 12
7 1
7 18
7 15
8 4
8 7
8 9
8 3
8 18
8 1
8 2
8 10
8 5
8 15
8 16
8 17
9 4
9 10
9 13
9 15
9 2
9 1
9 8
9 14
10 4
10 7
10 9
10 3
10 1
10 2
10 8
10 16
10 15
10 5
10 17
10 13
11 7
11 12
11 14
11 18
11 2
11 16
11 5
11 17
11 15
11 13
12 7
12 14
12 16
12 11
12 18
12 13
12 17
12 15
13 12
13 9
13 14
13 1
13 2
13 11
13 16
13 10
14 7
14 12
14 9
14 11
14 13
14 16
14 18
14 17
14 15
15 4
15 7
15 12
15 9
15 3
15 14
15 18
15 1
15 2
15 11
15 8
15 16
15 17
15 10
15 5
16 4
16 7
16 12
16 3
16 14
16 18
16 1
16 11
16 8
16 17
16 15
16 10
16 5
16 13
17 4
17 12
17 3
17 14
17 1
17 11
17 8
17 16
17 15
17 5
17 10
18 7
18 12
18 14
18 8
18 11
18 16
18 15
18 2
