1 18
1 12
1 9
1 11
1 10
1 16
1 8
3 12
3 13
3 4
3 11
3 15
3 14
4 13
4 3
4 15
4 11
5 18
5 12
5 9
5 13
5 10
5 7
5 6
5 8
5 17
5 15
6 18
6 12
6 9
6 13
6 10
6 7
6 5
6 17
6 8
6 15
6 16
7 12
7 9
7 13
7 11
7 5
7 6
7 8
7 17
8 18
8 9
8 13
8 10
8 7
8 1
8 6
8 5
8 17
8 15
9 18
9 13
9 6
9 10
9 8
9 5
9 7
9 17
9 16
9 15
9 1
10 18
10 9
10 13
10 8
10 6
10 1
10 17
10 5
11 12
11 4
11 7
11 14
11 1
11 3
12 11
12 7
12 14
12 5
12 6
12 1
12 3
13 18
13 9
13 6
13 10
13 8
13 16
13 15
13 5
13 7
13 4
13 3
13 17
14 18
14 12
14 11
14 3
14 16
15 9
15 13
15 4
15 3
15 6
15 8
15 5
15 17
16 9
16 13
16 1
16 6
16 14
17 18
17 9
17 13
17 10
17 7
17 6
17 8
17 5
17 15
18 17
18 14
18 1
18 5
18 8
18 13
18 6
18 9
18 10
