1 6
1 10
1 9
2 11
2 4
2 14
2 8
2 12
2 13
2 16
2 15
3 11
3 9
3 12
4 11
4 2
4 14
4 5
4 8
4 15
4 13
4 16
4 12
5 4
5 10
5 16
5 12
6 7
6 13
6 14
6 16
6 15
6 1
6 9
6 10
7 6
7 13
8 11
8 4
8 2
8 14
8 12
9 6
9 10
9 3
9 1
9 16
9 12
10 11
10 6
10 9
10 16
10 12
10 5
10 1
10 14
10 15
10 13
11 12
11 15
11 2
11 14
11 4
11 16
11 10
11 3
11 8
11 13
12 11
12 4
12 10
12 3
12 9
12 2
12 8
12 14
12 5
12 15
12 16
12 13
13 11
13 4
13 6
13 10
13 7
13 2
13 14
13 15
13 12
13 16
14 11
14 4
14 6
14 10
14 2
14 8
14 13
14 16
14 15
14 12
15 11
15 4
15 6
15 10
15 2
15 14
15 16
15 13
15 12
16 11
16 4
16 6
16 10
16 9
16 2
16 14
16 5
16 15
16 12
16 13
