1 6
1 18
1 3
1 4
1 2
1 8
1 17
1 16
2 12
2 1
2 15
2 11
2 13
2 9
2 6
2 14
2 3
2 8
2 10
2 18
2 17
2 19
2 20
2 4
3 1
3 15
3 6
3 14
3 2
3 10
3 4
3 18
3 20
3 17
3 16
3 8
4 12
4 1
4 11
4 13
4 6
4 14
4 2
4 10
4 18
4 3
4 8
4 20
5 13
5 9
5 16
5 17
5 18
6 1
6 3
6 18
6 4
6 2
6 17
6 16
7 15
7 9
7 14
7 8
7 17
8 12
8 1
8 11
8 13
8 9
8 14
8 2
8 10
8 4
8 3
8 7
8 19
8 20
8 16
9 12
9 11
9 13
9 8
9 7
9 2
9 19
9 14
9 10
9 5
9 17
9 16
9 18
10 12
10 15
10 11
10 13
10 9
10 14
10 2
10 20
10 19
10 4
10 8
10 16
10 3
11 12
11 13
11 10
11 14
11 9
11 4
11 2
11 8
11 16
11 17
11 18
12 11
12 14
12 10
12 13
12 16
12 2
12 8
12 9
12 4
13 12
13 11
13 14
13 9
13 10
13 2
13 8
13 5
13 16
13 4
13 17
13 18
14 12
14 11
14 13
14 9
14 10
14 2
14 8
14 16
14 7
14 4
14 3
15 16
15 10
15 7
15 17
15 3
15 2
16 12
16 1
16 15
16 11
16 13
16 9
16 6
16 14
16 5
16 10
16 3
16 8
16 17
16 18
17 1
17 15
17 11
17 13
17 9
17 6
17 2
17 5
17 3
17 18
17 16
17 7
18 1
18 11
18 13
18 9
18 6
18 2
18 5
18 4
18 3
18 17
18 16
19 9
19 2
19 10
19 8
19 20
20 2
20 10
20 4
20 3
20 8
20 19
