1 11
1 2
2 11
2 12
2 4
2 18
2 1
2 7
2 6
2 16
3 12
3 18
3 5
3 10
3 6
3 17
4 12
4 18
4 7
4 6
4 5
4 10
4 9
4 8
4 2
5 11
5 12
5 4
5 18
5 10
5 9
5 7
5 8
5 17
5 6
5 3
6 12
6 4
6 18
6 5
6 10
6 7
6 3
6 2
6 9
6 8
7 11
7 13
7 12
7 4
7 18
7 5
7 10
7 6
7 9
7 8
7 17
7 2
7 16
8 11
8 13
8 4
8 18
8 5
8 10
8 7
8 17
8 9
8 6
8 16
9 11
9 13
9 4
9 18
9 5
9 10
9 15
9 7
9 17
9 8
9 16
9 14
9 6
10 11
10 13
10 4
10 18
10 5
10 9
10 7
10 8
10 17
10 6
10 3
10 16
11 13
11 9
11 14
11 15
11 8
11 10
11 7
11 2
11 5
11 17
11 1
12 2
12 4
12 7
12 18
12 6
12 3
12 5
12 16
13 11
13 9
13 14
13 15
13 17
13 8
13 10
13 7
14 11
14 13
14 15
14 17
14 9
14 16
15 11
15 13
15 14
15 17
15 9
16 12
16 10
16 7
16 2
16 9
16 8
16 14
17 11
17 13
17 5
17 10
17 15
17 7
17 3
17 14
17 8
17 9
18 12
18 4
18 6
18 7
18 5
18 10
18 3
18 2
18 9
18 8
