1 5
1 2
1 11
1 3
1 6
1 16
1 10
1 17
1 7
2 5
2 3
2 1
2 11
2 6
2 16
2 10
2 13
2 12
2 7
3 5
3 2
3 11
3 1
3 6
3 16
3 7
3 10
3 17
4 10
4 9
4 13
4 11
4 12
4 14
5 6
5 7
5 15
5 11
5 16
5 2
5 12
5 9
5 1
5 3
6 5
6 2
6 11
6 13
6 12
6 3
6 7
6 16
6 15
6 9
6 1
6 10
7 5
7 2
7 11
7 12
7 3
7 6
7 1
7 16
7 14
7 15
7 9
8 14
8 9
8 10
9 4
9 5
9 6
9 8
9 14
9 7
10 4
10 2
10 11
10 3
10 6
10 1
10 16
10 8
10 14
11 4
11 5
11 2
11 6
11 13
11 16
11 12
11 17
11 10
11 7
11 3
11 1
12 4
12 5
12 2
12 11
12 13
12 17
12 6
12 7
12 16
13 4
13 2
13 11
13 12
13 17
13 6
13 16
14 4
14 8
14 9
14 7
14 10
15 5
15 6
15 7
16 5
16 2
16 11
16 13
16 12
16 3
16 6
16 1
16 10
16 7
17 11
17 13
17 12
17 3
17 1
