1 17
1 6
1 8
1 5
1 18
1 7
1 10
1 9
1 2
1 12
2 5
2 7
2 1
2 4
2 3
3 17
3 6
3 16
3 5
3 18
3 14
3 9
3 15
3 4
3 2
4 17
4 6
4 8
4 13
4 7
4 10
4 14
4 9
4 15
4 3
4 2
5 17
5 6
5 8
5 1
5 7
5 2
5 18
5 12
5 13
5 10
5 9
5 15
5 3
6 17
6 5
6 13
6 15
6 3
6 4
6 12
6 1
6 7
7 17
7 6
7 8
7 5
7 18
7 10
7 9
7 1
7 12
7 4
7 2
8 17
8 10
8 7
8 9
8 12
8 18
8 1
8 5
8 4
9 8
9 5
9 13
9 7
9 10
9 4
9 1
9 3
9 12
10 17
10 8
10 11
10 5
10 18
10 7
10 9
10 1
10 4
10 12
11 10
12 17
12 6
12 8
12 5
12 18
12 7
12 10
12 9
12 1
13 6
13 5
13 14
13 9
13 4
14 17
14 16
14 18
14 13
14 15
14 3
14 4
15 17
15 6
15 16
15 5
15 18
15 14
15 3
15 4
16 17
16 15
16 18
16 14
16 3
17 15
17 18
17 3
17 5
17 7
17 1
17 12
17 16
17 6
17 14
17 10
17 4
17 8
18 17
18 8
18 16
18 5
18 12
18 15
18 7
18 1
18 3
18 14
18 10
