1 9
1 14
2 5
2 8
2 9
2 7
2 6
2 14
3 8
3 4
3 10
3 11
3 5
3 7
3 6
3 9
3 14
4 3
4 5
4 8
4 10
4 13
4 9
4 11
4 7
4 6
5 3
5 6
5 8
5 7
5 12
5 2
5 9
5 10
5 4
5 14
5 13
6 3
6 5
6 12
6 8
6 4
6 9
6 7
6 2
6 14
6 10
7 3
7 5
7 12
7 8
7 4
7 9
7 6
7 10
7 14
7 2
8 3
8 5
8 12
8 10
8 4
8 7
8 6
8 11
8 9
8 14
8 2
9 3
9 5
9 12
9 8
9 4
9 10
9 14
9 2
9 7
9 6
9 1
10 3
10 5
10 8
10 4
10 9
10 7
10 6
10 11
10 14
11 3
11 12
11 8
11 4
11 10
12 15
12 5
12 6
12 8
12 7
12 11
12 9
12 14
13 5
13 4
14 3
14 5
14 12
14 8
14 9
14 7
14 1
14 6
14 2
14 10
15 12
