1 12
1 2
1 5
1 10
1 4
1 14
1 11
1 3
1 17
1 15
1 13
2 12
2 1
2 3
2 5
2 10
2 4
2 11
2 15
2 13
2 14
2 6
3 16
3 2
3 5
3 14
3 1
3 13
3 9
3 17
4 2
4 5
4 10
4 17
4 15
4 1
4 11
5 12
5 2
5 4
5 15
5 1
5 3
5 7
5 11
5 14
5 13
6 8
6 12
6 2
6 9
6 7
7 16
7 8
7 5
7 13
7 6
7 9
8 6
8 9
8 7
9 16
9 8
9 12
9 14
9 11
9 15
9 13
9 3
9 6
9 7
10 12
10 2
10 1
10 15
10 13
10 11
10 14
10 4
10 17
11 16
11 12
11 2
11 5
11 10
11 4
11 14
11 13
11 15
11 1
11 9
12 16
12 15
12 13
12 11
12 14
12 2
12 6
12 10
12 1
12 17
12 9
12 5
13 16
13 12
13 2
13 5
13 10
13 14
13 11
13 1
13 15
13 9
13 7
13 3
14 16
14 12
14 2
14 5
14 10
14 11
14 13
14 15
14 3
14 17
14 9
14 1
15 16
15 12
15 2
15 5
15 10
15 4
15 14
15 11
15 1
15 13
15 9
15 17
16 13
16 9
16 3
16 14
16 11
16 12
16 15
16 7
17 12
17 10
17 4
17 14
17 1
17 15
17 3
