1 6
1 7
1 9
1 5
1 10
1 2
2 6
2 7
2 1
2 13
2 12
2 5
2 14
2 11
3 6
3 7
3 9
3 16
3 4
3 18
3 10
3 17
3 5
4 6
4 7
4 9
4 18
4 3
4 10
4 5
4 17
5 6
5 7
5 1
5 4
5 13
5 18
5 8
5 3
5 17
5 12
5 11
5 14
5 10
5 2
6 7
6 5
6 4
6 3
6 18
6 10
6 12
6 11
6 13
6 14
6 17
6 1
6 2
7 6
7 5
7 13
7 12
7 11
7 14
7 16
7 1
7 4
7 3
7 18
7 10
7 2
8 16
8 13
8 12
8 14
8 11
8 5
9 10
9 17
9 1
9 18
9 3
9 4
9 16
10 6
10 7
10 9
10 1
10 16
10 4
10 18
10 3
10 17
10 5
11 6
11 7
11 13
11 18
11 8
11 17
11 12
11 5
11 2
11 14
12 6
12 7
12 13
12 8
12 17
12 11
12 14
12 5
12 15
12 2
13 6
13 7
13 14
13 11
13 12
13 8
13 17
13 5
13 2
14 6
14 7
14 13
14 8
14 17
14 12
14 5
14 2
14 11
15 17
15 12
16 7
16 9
16 3
16 10
16 8
17 6
17 9
17 4
17 13
17 18
17 3
17 5
17 11
17 10
17 12
17 14
17 15
18 6
18 7
18 9
18 4
18 17
18 3
18 10
18 5
18 11
