1 10
1 3
1 11
1 2
2 10
2 1
2 15
2 16
2 4
2 17
3 6
3 1
3 7
3 5
4 10
4 11
4 13
4 2
4 14
5 6
5 7
5 9
5 15
5 16
5 14
5 13
5 17
5 8
5 12
5 3
6 5
6 13
6 7
6 17
6 16
6 15
6 14
6 9
6 3
7 6
7 9
7 5
7 8
7 15
7 14
7 16
7 17
7 3
7 13
8 7
8 9
8 15
8 16
8 5
8 14
8 12
9 6
9 7
9 8
9 5
9 14
9 15
9 16
9 17
10 1
10 11
10 16
10 4
10 2
11 10
11 1
11 16
11 4
12 15
12 16
12 5
12 14
12 8
13 6
13 7
13 15
13 16
13 5
13 4
13 17
14 6
14 7
14 9
14 15
14 16
14 5
14 4
14 12
14 8
14 17
15 6
15 7
15 9
15 5
15 16
15 14
15 17
15 12
15 8
15 2
15 13
16 6
16 10
16 7
16 9
16 15
16 17
16 13
16 5
16 2
16 14
16 12
16 8
16 11
17 6
17 7
17 9
17 15
17 16
17 5
17 14
17 13
17 2
