1 2
1 8
1 4
1 9
1 11
1 10
1 16
1 15
2 1
2 4
2 8
3 10
3 12
3 13
4 2
4 1
4 10
4 5
5 10
5 4
6 15
6 16
7 14
7 9
7 10
7 8
7 16
7 15
7 11
8 2
8 14
8 17
8 1
8 9
8 10
8 11
8 15
8 7
8 16
8 12
9 14
9 17
9 1
9 10
9 8
9 11
9 16
9 15
9 7
9 12
10 14
10 17
10 1
10 9
10 11
10 8
10 16
10 15
10 7
10 4
10 5
10 3
10 12
11 14
11 17
11 1
11 9
11 10
11 8
11 12
11 16
11 7
11 15
12 14
12 9
12 10
12 8
12 11
12 3
13 17
13 3
14 15
14 7
14 11
14 10
14 16
14 12
14 8
14 9
15 6
15 14
15 17
15 1
15 9
15 10
15 8
15 16
15 7
15 11
16 6
16 14
16 17
16 1
16 9
16 10
16 8
16 15
16 11
16 7
17 16
17 8
17 9
17 10
17 11
17 13
17 15
