1 10
1 12
1 9
1 8
2 4
2 3
2 12
2 14
2 8
2 17
3 2
3 15
3 17
3 12
3 16
3 9
3 8
3 14
3 4
3 11
3 13
4 2
4 17
4 12
4 8
4 14
4 3
5 11
5 14
5 17
5 15
5 16
5 13
5 10
5 12
6 16
6 7
6 13
6 15
6 17
6 8
6 9
7 6
7 13
7 16
8 10
8 6
8 2
8 15
8 17
8 12
8 16
8 9
8 3
8 14
8 11
8 4
8 13
8 1
9 10
9 6
9 17
9 16
9 8
9 1
9 3
9 14
10 5
10 9
10 15
10 8
10 11
10 1
11 5
11 10
11 15
11 17
11 12
11 16
11 8
11 14
11 3
11 13
12 5
12 2
12 15
12 17
12 13
12 11
12 14
12 1
12 8
12 3
12 4
13 5
13 6
13 7
13 15
13 17
13 12
13 8
13 14
13 11
13 3
14 5
14 2
14 15
14 17
14 12
14 16
14 9
14 8
14 3
14 11
14 4
14 13
15 5
15 10
15 6
15 17
15 16
15 14
15 8
15 3
15 11
15 12
15 13
16 5
16 6
16 7
16 15
16 17
16 14
16 8
16 3
16 9
16 11
17 5
17 6
17 2
17 15
17 16
17 14
17 8
17 3
17 12
17 13
17 11
17 9
17 4
