1 4
1 10
1 9
1 2
1 11
1 7
1 12
1 5
1 14
1 6
1 13
1 3
2 4
2 10
2 1
2 3
2 14
2 7
2 12
2 9
2 11
2 6
2 5
2 15
3 1
3 2
3 14
3 6
3 7
4 16
4 5
4 1
4 9
4 7
4 6
4 14
4 2
4 13
4 10
4 11
5 16
5 4
5 10
5 1
5 14
5 2
5 11
5 9
6 4
6 1
6 8
6 3
6 14
6 13
6 2
6 15
6 9
6 7
6 12
7 4
7 10
7 1
7 8
7 3
7 2
7 11
7 15
7 9
7 6
7 12
8 17
8 6
8 7
8 13
8 14
8 15
9 4
9 10
9 1
9 14
9 13
9 2
9 11
9 15
9 5
9 7
9 6
9 12
10 4
10 9
10 11
10 15
10 1
10 5
10 14
10 12
10 2
10 7
11 4
11 10
11 1
11 14
11 13
11 2
11 9
11 15
11 12
11 7
11 5
12 10
12 1
12 2
12 11
12 15
12 9
12 6
12 7
13 16
13 4
13 1
13 8
13 18
13 14
13 6
13 11
13 15
13 9
14 4
14 10
14 1
14 8
14 18
14 3
14 5
14 2
14 15
14 9
14 11
14 13
14 6
15 17
15 10
15 8
15 18
15 14
15 13
15 2
15 11
15 7
15 12
15 9
15 6
16 4
16 5
16 13
17 8
17 15
18 13
18 14
18 15
