1 5
1 4
1 2
1 3
1 12
1 18
1 15
1 11
1 17
2 5
2 4
2 1
2 3
2 17
2 12
2 18
2 15
2 11
3 5
3 4
3 1
3 2
3 11
3 12
3 17
3 15
3 18
4 5
4 3
4 1
4 2
4 15
4 12
4 18
4 11
4 17
5 11
5 4
5 17
5 1
5 3
5 2
5 12
5 18
5 15
6 9
6 16
6 8
7 14
7 8
7 15
8 14
8 7
8 15
9 14
9 16
9 6
9 5
9 17
9 11
9 7
9 1
10 14
10 13
10 7
10 5
10 11
10 17
11 14
11 13
11 7
11 5
11 10
11 17
12 5
12 11
12 18
12 17
13 14
13 10
13 4
13 7
14 15
14 7
14 4
15 14
15 7
15 4
16 9
16 6
16 17
16 2
16 3
16 5
16 11
17 9
17 6
17 16
17 5
17 2
17 11
17 3
18 8
18 4
18 1
18 2
18 12
18 15
