1 2
1 18
1 17
1 13
1 11
1 5
1 3
2 1
2 18
2 3
2 13
2 11
2 17
2 5
3 6
3 2
3 5
3 17
3 4
3 10
3 7
3 16
3 15
4 6
4 2
4 3
4 17
4 15
4 10
4 16
4 7
4 5
5 6
5 3
5 17
5 15
5 4
5 10
6 15
6 5
6 10
6 4
6 3
6 17
7 2
7 9
8 9
8 14
8 12
9 8
9 12
9 14
10 6
10 9
10 3
10 17
10 15
10 4
10 11
10 5
10 16
10 13
11 6
11 9
11 3
11 17
11 15
11 4
11 10
11 13
11 16
11 5
12 14
12 11
12 7
12 13
12 8
13 14
13 11
13 7
13 12
13 8
14 12
14 8
15 6
15 2
15 4
15 10
15 11
15 13
16 6
16 3
16 17
16 15
16 4
16 5
16 10
17 1
17 3
17 5
17 18
18 1
18 3
18 17
18 5
