1 8
1 13
1 9
2 13
2 15
2 10
2 9
2 11
3 4
3 16
3 6
3 18
3 14
3 10
3 2
3 15
4 3
4 2
4 16
4 6
4 14
4 18
4 10
4 15
5 13
5 11
5 9
5 4
6 12
6 11
6 7
6 4
7 8
7 2
7 11
7 15
7 10
7 6
8 9
8 10
8 5
8 13
8 2
8 15
9 8
9 13
9 2
9 10
9 5
9 15
10 8
10 13
10 2
10 9
10 5
10 15
11 13
11 5
11 9
12 13
12 6
12 9
12 5
13 9
13 12
13 1
13 4
14 2
14 11
14 16
14 18
14 15
14 5
14 10
15 2
15 11
15 16
15 14
15 18
15 5
15 10
16 2
16 11
16 14
16 15
16 18
16 5
16 10
17 2
17 16
17 15
17 10
17 5
18 8
18 2
18 16
18 14
18 10
18 15
