1 8
1 18
1 3
2 4
2 3
2 15
2 12
2 21
2 11
2 7
2 18
2 10
2 13
3 2
3 12
3 15
3 7
3 10
3 21
3 13
3 11
3 4
3 18
4 2
4 12
4 15
4 7
4 10
4 21
4 13
4 11
4 3
4 18
5 7
5 19
5 11
5 4
6 7
6 17
6 16
6 11
6 4
7 11
7 6
7 4
7 16
7 17
8 20
8 9
8 1
8 21
8 10
8 16
8 6
9 20
9 8
9 1
9 16
9 6
9 10
9 21
10 7
10 11
10 21
10 18
10 3
10 4
10 13
11 7
11 10
11 21
11 13
11 4
11 3
11 18
12 2
12 15
12 13
12 16
12 6
13 2
13 12
13 15
13 17
13 14
13 16
13 3
13 19
13 6
13 18
13 5
14 2
14 12
14 15
14 17
14 13
14 19
14 6
14 16
14 5
14 3
14 18
15 2
15 12
15 14
15 13
15 17
15 16
15 19
15 5
15 3
15 18
15 6
16 2
16 12
16 15
16 17
16 13
16 19
16 6
16 14
16 3
16 18
16 5
17 2
17 12
17 15
17 16
17 14
17 13
17 19
17 3
17 18
17 6
17 5
18 19
18 6
18 16
18 3
19 18
19 6
19 16
19 3
20 2
20 12
20 15
20 21
20 14
20 7
20 4
20 11
20 10
20 19
20 8
20 1
20 18
20 3
21 2
21 12
21 15
21 20
21 7
21 8
21 10
21 18
21 3
21 19
21 14
21 11
21 1
21 4
