1 11
1 20
1 9
1 12
1 7
1 13
1 3
2 5
2 4
2 16
3 9
3 16
4 11
4 12
4 7
4 1
4 10
4 2
5 6
5 16
6 5
6 16
7 11
7 18
7 9
7 12
7 8
7 10
7 1
7 19
7 14
7 3
7 15
8 11
8 18
8 9
8 12
8 7
8 1
8 10
8 14
8 19
8 15
8 3
9 11
9 18
9 7
9 8
9 10
9 3
9 19
9 12
9 1
9 14
9 15
10 11
10 18
10 9
10 12
10 7
10 1
10 8
10 15
10 14
10 3
10 19
11 12
11 7
11 1
11 6
11 20
11 13
11 9
11 3
12 11
12 20
12 9
12 7
12 1
12 13
12 14
12 8
12 6
12 3
13 11
13 20
13 9
13 12
13 7
13 1
13 14
13 8
13 3
13 6
14 11
14 5
14 12
14 7
14 1
14 8
14 6
15 18
15 17
15 19
16 14
16 8
17 11
17 1
17 12
17 7
17 2
17 4
17 14
17 8
18 15
18 17
18 19
18 4
18 2
19 9
19 14
19 8
19 3
20 13
20 5
20 8
20 14
