1 19
1 8
1 18
2 9
2 12
3 17
3 15
4 17
4 5
4 6
4 10
4 3
4 14
5 17
5 4
5 14
5 6
5 10
5 3
6 4
6 10
6 3
7 14
7 19
7 8
7 18
7 1
8 14
8 19
8 7
8 1
8 18
9 4
9 15
9 12
9 3
9 6
9 10
10 17
10 4
10 14
10 6
10 3
11 9
11 14
11 13
11 16
11 12
11 2
12 4
12 15
12 9
12 14
12 11
12 13
12 19
12 6
12 10
12 18
12 1
12 8
13 4
13 15
13 9
13 14
13 11
13 12
13 6
13 10
13 19
13 18
13 1
13 8
14 4
14 15
14 9
14 13
14 12
14 6
14 10
14 18
14 19
14 1
14 8
14 11
15 17
15 4
15 3
15 6
15 10
16 17
16 18
16 2
16 19
16 8
16 1
17 16
17 18
17 19
17 8
17 1
17 2
18 17
18 16
18 19
18 2
18 1
18 8
19 17
19 9
19 14
19 11
19 13
19 18
19 8
19 1
19 2
19 12
