1 7
1 19
1 2
1 15
1 16
2 9
2 8
2 4
2 6
2 19
2 18
3 9
3 5
3 4
3 19
3 2
3 6
3 18
3 8
4 9
4 3
4 5
4 8
4 18
4 6
4 19
4 2
5 13
5 9
5 7
5 3
5 6
5 8
5 18
5 4
6 13
6 9
6 7
6 3
6 5
6 8
6 4
6 18
7 13
7 9
7 6
7 5
7 8
7 18
7 4
7 3
8 9
8 18
8 6
8 4
8 11
9 4
9 8
9 6
9 18
10 14
10 17
10 6
10 9
10 18
10 8
10 4
10 11
10 2
10 19
11 7
11 16
11 15
11 1
12 13
12 11
13 12
13 11
14 10
14 7
14 17
14 15
14 16
14 1
15 10
15 7
15 17
15 14
15 16
15 1
16 7
16 15
16 1
17 10
17 9
17 8
17 4
17 6
17 19
17 18
17 14
17 2
18 10
18 9
18 8
18 4
18 6
18 19
18 17
18 14
18 2
19 13
19 2
19 12
