1 19
2 12
2 19
2 5
3 17
3 15
3 4
3 19
3 13
3 20
4 17
4 15
4 3
4 13
4 19
4 20
5 1
5 9
5 6
5 14
5 19
6 1
6 9
6 5
6 14
6 19
7 10
7 12
7 8
7 18
8 10
8 12
8 7
8 18
9 15
9 10
9 6
9 14
9 7
9 8
9 18
9 13
9 4
9 16
10 15
10 9
10 7
10 6
10 14
10 8
10 13
10 4
10 18
10 16
11 16
12 9
12 10
12 13
12 14
12 7
12 8
12 18
12 4
12 6
13 9
13 10
13 12
13 4
13 8
13 18
13 14
13 7
13 6
14 9
14 10
14 12
14 4
14 8
14 18
14 13
14 6
14 7
15 1
15 16
15 4
15 12
15 13
15 11
15 18
16 1
16 15
16 12
16 4
16 18
16 11
16 13
17 20
17 10
17 7
17 18
17 15
18 9
18 4
18 19
18 6
18 14
18 13
18 11
19 9
19 4
19 18
19 11
19 13
19 6
19 14
20 17
20 8
20 2
