1 6
1 11
2 3
2 13
2 20
2 1
2 7
2 18
2 10
2 12
3 18
3 12
3 2
3 20
3 13
3 1
3 7
3 10
4 19
4 21
4 1
4 15
4 17
4 5
5 19
5 21
5 1
5 15
5 17
5 4
6 3
6 13
6 20
6 1
6 7
6 8
6 2
6 10
6 16
6 18
6 12
7 3
7 13
7 20
7 1
7 6
7 2
7 10
7 8
7 18
7 16
7 12
8 3
8 13
8 20
8 1
8 6
8 7
8 18
8 12
8 16
8 2
8 10
9 14
9 7
9 10
9 2
10 14
10 7
10 9
10 2
11 3
11 13
11 20
11 12
11 18
11 16
12 3
12 13
12 20
12 11
12 18
12 16
13 19
13 4
13 7
13 6
13 14
13 9
13 2
13 11
13 10
14 9
14 15
14 7
14 2
14 10
14 21
14 17
14 5
15 14
15 21
15 17
15 5
15 7
15 2
15 10
15 9
16 21
16 1
16 15
16 17
16 5
17 3
17 19
17 20
17 21
17 1
17 15
17 7
17 8
17 18
17 5
17 4
17 2
17 10
17 12
18 3
18 19
18 20
18 21
18 1
18 15
18 7
18 8
18 17
18 12
18 2
18 4
18 10
18 5
19 3
19 20
19 4
19 18
19 12
19 6
20 3
20 19
20 18
20 12
20 4
20 6
21 13
21 5
21 15
21 17
21 1
