1 13
1 2
1 18
1 9
1 15
1 4
1 8
1 16
1 10
2 13
2 1
2 15
2 4
2 16
2 8
2 10
2 18
2 9
3 4
3 19
4 3
4 19
5 17
5 1
5 11
5 19
6 12
6 14
6 15
6 19
6 2
6 5
7 17
7 11
7 8
7 19
7 16
8 17
8 11
8 7
8 19
8 16
9 14
9 19
9 18
9 5
10 3
10 13
10 15
10 2
11 17
11 1
11 7
11 15
11 2
12 17
12 1
12 6
12 9
12 18
12 11
12 15
12 2
13 17
13 10
13 15
13 14
13 16
13 2
13 4
13 8
13 11
14 17
14 13
14 11
14 16
14 15
14 4
14 8
14 2
14 10
15 17
15 13
15 11
15 14
15 16
15 2
15 10
15 8
15 4
16 17
16 13
16 11
16 14
16 15
16 4
16 8
16 2
16 10
17 14
17 16
17 15
17 11
17 13
17 8
17 2
17 4
17 10
18 7
18 16
18 9
18 8
19 3
19 7
19 15
19 2
19 18
19 9
19 4
