1 14
1 8
1 5
1 7
1 15
1 2
2 14
2 7
2 1
3 10
3 7
3 1
3 4
3 19
4 10
4 7
4 1
4 3
4 19
5 10
5 8
5 15
5 4
6 11
6 7
6 18
6 16
6 1
7 11
7 6
7 12
7 8
7 9
7 5
7 1
7 15
7 13
8 11
8 6
8 12
8 9
8 7
8 15
8 5
8 13
8 1
9 11
9 6
9 12
9 8
9 13
9 7
9 15
9 5
9 1
10 4
10 18
10 5
10 15
10 8
10 14
10 2
11 12
11 13
11 8
11 5
11 15
11 9
12 11
12 13
12 8
12 5
12 15
12 9
13 11
13 12
13 8
13 9
13 5
13 15
14 10
14 2
14 15
14 3
14 19
14 1
14 7
14 4
14 13
14 9
14 5
14 8
15 10
15 14
15 8
15 9
15 5
15 7
15 1
15 4
15 13
15 19
15 2
15 3
16 14
16 8
16 5
16 17
16 15
16 2
17 19
17 3
18 12
18 8
18 9
18 5
18 15
18 13
19 9
19 18
19 13
19 3
