1 11
1 16
1 3
1 8
1 7
1 18
1 13
2 4
2 3
2 8
2 5
3 4
3 8
3 10
4 3
4 8
4 10
5 4
5 2
6 11
7 4
7 1
8 11
8 12
8 16
8 14
8 3
8 2
8 5
8 9
8 18
8 13
9 12
9 14
10 11
10 17
10 12
10 16
10 14
10 15
10 13
10 18
10 9
11 12
11 13
11 10
11 14
11 9
11 16
11 18
11 17
11 15
12 11
12 17
12 10
12 14
12 13
12 9
12 15
12 16
12 18
13 11
13 17
13 12
13 16
13 14
13 15
13 10
13 9
13 18
14 17
14 12
14 9
15 12
15 16
15 14
15 3
15 8
15 13
15 18
15 7
15 1
15 9
16 12
16 15
16 13
16 18
16 9
16 14
16 1
16 8
16 3
16 7
17 11
17 18
17 10
17 13
17 4
17 16
17 6
18 11
18 17
18 16
18 4
18 10
18 13
18 6
