1 4
1 18
1 6
1 2
1 11
1 9
1 10
2 4
2 18
2 6
2 1
2 11
2 10
2 9
3 15
3 14
4 18
4 15
4 14
5 17
5 6
5 7
5 8
5 1
5 11
6 5
6 8
6 1
6 11
6 7
6 17
7 5
7 4
7 18
7 17
8 16
8 14
8 15
9 5
9 6
9 15
9 1
9 14
9 11
9 10
9 17
9 13
10 5
10 6
10 15
10 1
10 14
10 11
10 9
10 17
10 13
11 5
11 6
11 15
11 1
11 14
11 9
11 10
11 17
11 13
12 5
12 8
12 17
13 8
13 6
13 15
13 1
13 14
13 2
13 11
13 16
13 3
14 8
14 6
14 15
14 1
14 13
14 2
14 11
14 3
14 16
15 14
15 9
16 5
16 4
16 18
16 15
16 14
16 9
16 17
17 5
17 15
17 14
17 9
17 3
17 13
18 8
18 4
18 10
18 6
18 1
18 11
