1 3
1 19
1 14
1 9
1 16
1 11
1 12
2 3
2 7
2 13
2 4
2 19
2 1
2 9
2 16
2 14
2 12
2 11
2 10
3 2
3 16
3 14
3 12
3 4
3 11
3 19
3 1
3 9
3 13
3 10
3 7
4 3
4 7
4 2
4 10
4 19
4 1
4 9
4 16
4 14
4 12
4 11
4 13
5 17
5 19
5 9
5 1
6 18
6 19
6 9
6 1
7 4
7 10
7 2
7 13
8 15
9 5
9 4
9 19
9 1
9 10
9 17
10 5
10 4
10 19
10 1
10 9
10 17
11 3
11 7
11 14
11 12
11 16
12 3
12 8
12 5
12 7
12 15
12 14
12 17
12 11
12 16
13 2
13 6
13 18
14 3
14 12
14 11
14 16
15 8
16 3
16 14
16 11
16 12
17 5
17 6
17 18
18 5
18 6
18 17
19 9
19 1
