1 9
2 1
2 14
3 16
3 4
3 18
3 10
4 6
4 18
4 3
4 10
5 6
5 7
5 1
5 4
5 18
5 3
5 11
5 10
5 2
6 7
6 5
6 4
6 3
6 18
6 10
6 11
6 1
6 2
7 6
7 5
7 11
7 1
7 4
7 3
7 18
7 10
7 2
8 16
8 13
8 12
8 11
8 5
9 10
9 17
9 1
9 18
9 3
9 4
9 16
10 9
10 1
10 16
10 4
10 18
10 3
10 17
11 6
11 7
11 13
11 8
11 17
11 12
11 5
11 2
11 14
12 6
12 7
12 13
12 8
12 17
12 11
12 14
12 5
12 2
13 6
13 7
13 14
13 11
13 12
13 8
13 17
13 5
13 2
14 6
14 7
14 13
14 8
14 17
14 12
14 5
14 2
14 11
15 17
15 12
16 7
17 6
17 4
17 18
17 3
17 5
17 11
17 10
18 6
18 4
18 17
18 3
18 10
18 5
18 11
