1 12
1 7
1 10
1 14
2 3
2 8
2 12
2 6
2 7
2 10
2 14
2 16
3 2
3 8
3 6
3 10
3 12
3 14
3 7
3 16
4 18
5 3
5 8
5 12
5 6
5 7
5 14
5 10
6 3
6 8
6 12
6 5
6 7
6 14
6 10
7 3
7 8
7 12
7 6
7 5
7 9
7 17
7 14
7 10
7 15
8 3
8 6
8 7
8 12
8 5
8 9
8 15
8 17
8 14
8 10
9 12
9 17
9 10
9 15
9 7
9 14
10 12
10 9
10 17
10 7
10 15
10 14
12 3
12 8
12 14
12 7
12 10
12 11
12 17
12 9
12 15
12 6
13 4
13 18
13 11
14 3
14 8
14 12
14 6
14 9
14 17
14 7
14 15
14 10
15 12
15 9
15 17
15 7
15 10
15 14
16 5
16 13
16 2
17 5
17 9
17 15
17 13
18 3
18 8
18 6
18 13
18 4
