1 5
1 7
1 2
2 5
2 7
2 1
3 17
3 6
3 14
3 9
3 15
3 4
3 2
4 17
4 6
4 14
4 9
4 15
4 3
4 2
5 17
5 6
5 1
5 7
5 12
5 13
5 15
5 3
6 17
6 5
6 13
6 15
6 3
6 12
6 1
6 7
7 8
7 5
7 10
7 9
7 1
7 12
7 4
8 10
8 7
8 9
8 12
8 1
8 5
8 4
9 8
9 5
9 7
9 10
9 4
9 1
9 12
10 8
10 5
10 7
10 9
10 1
10 4
10 12
11 10
12 8
12 5
12 7
12 1
13 14
13 9
13 4
14 17
14 16
14 18
14 15
14 3
15 17
15 16
15 18
15 3
16 17
16 15
16 18
16 3
17 15
17 18
17 3
17 5
17 7
17 1
17 12
17 16
17 10
17 8
18 17
18 8
18 16
18 5
18 12
18 15
18 7
18 1
18 3
18 10
