1 2
1 9
1 15
1 5
1 17
1 18
2 18
2 1
2 17
2 15
2 5
2 9
3 19
3 11
4 5
4 12
4 11
4 1
4 15
4 19
4 13
5 4
5 19
5 13
5 12
5 1
5 11
5 15
6 10
6 12
6 8
6 5
7 10
7 9
7 6
7 11
7 19
8 10
8 9
8 7
8 13
8 6
9 10
9 8
9 7
9 13
9 6
10 4
10 12
10 6
10 11
10 7
10 9
10 5
10 19
10 18
10 2
11 4
11 10
11 2
11 9
11 7
11 19
11 12
11 6
11 18
11 5
12 4
12 10
12 2
12 9
12 7
12 19
12 11
12 6
12 5
12 18
13 2
13 3
13 14
13 18
13 1
13 15
13 5
14 2
14 3
14 13
14 18
14 15
14 5
14 1
15 16
15 10
15 2
15 14
15 1
15 6
15 18
15 17
15 5
16 18
16 17
16 15
16 6
16 10
16 2
16 5
16 14
16 1
17 16
17 10
17 2
17 14
17 1
17 6
17 18
17 15
17 5
18 16
18 10
18 2
18 14
18 1
18 6
18 17
18 15
18 5
19 4
19 10
19 11
19 14
19 6
