1 2
2 12
2 4
2 18
2 7
2 6
3 12
3 5
3 10
4 12
4 18
4 7
4 6
4 5
4 10
5 12
5 4
5 18
5 10
5 7
5 6
6 4
6 18
6 7
6 3
7 11
7 13
7 4
7 18
7 5
7 10
7 6
7 9
7 8
7 17
7 16
8 11
8 13
8 4
8 18
8 5
8 10
8 7
8 17
8 9
8 6
8 16
9 11
9 13
9 4
9 18
9 5
9 10
9 7
9 17
9 8
9 16
9 6
10 11
10 13
10 4
10 18
10 5
10 9
10 7
10 8
10 17
10 6
10 16
11 13
11 9
11 10
11 2
11 5
11 1
12 4
12 7
12 18
12 6
13 11
13 9
13 14
13 15
13 17
14 11
14 13
14 15
14 17
14 9
15 11
15 13
15 14
15 17
15 9
16 12
16 2
16 8
16 14
17 11
17 13
17 5
17 10
17 3
17 9
18 4
18 6
18 7
18 5
18 10
18 3
