1 7
2 6
2 14
2 20
2 8
2 18
2 4
2 16
2 3
2 13
3 6
3 14
3 20
3 8
3 18
3 4
3 16
3 2
3 13
4 6
4 14
4 20
4 8
4 18
4 3
4 13
4 2
4 16
5 6
5 8
5 12
5 19
5 7
6 8
6 5
6 7
6 12
6 19
7 6
7 14
7 20
7 10
7 8
7 15
7 4
7 13
8 6
8 14
8 20
8 10
8 7
8 13
8 15
8 4
9 17
9 10
9 11
9 18
9 2
9 15
10 9
10 15
10 18
10 2
10 17
10 11
11 9
11 14
11 20
11 10
11 17
11 7
11 15
11 3
11 16
12 6
12 9
12 17
12 8
12 5
12 11
12 4
12 13
12 19
13 6
13 9
13 17
13 8
13 5
13 11
13 4
13 12
13 19
14 1
14 20
14 4
14 13
15 9
15 14
15 20
15 10
15 17
15 11
15 7
16 6
16 9
16 14
16 20
16 17
16 8
16 11
16 7
16 3
17 6
17 9
17 14
17 20
17 11
17 16
17 7
17 8
17 3
18 1
18 14
18 20
18 5
18 7
18 2
18 19
18 12
19 1
19 14
19 20
19 5
19 7
19 18
19 12
19 2
20 1
20 14
20 18
20 19
20 2
20 7
20 5
20 12
