1 18
1 11
1 6
2 4
2 12
2 17
2 8
2 19
2 7
2 10
2 16
3 13
3 12
3 17
3 15
3 2
3 9
4 19
4 5
4 8
4 1
4 14
5 4
5 8
5 19
5 14
5 1
6 18
6 11
6 9
6 13
6 7
7 18
7 11
7 9
7 13
7 6
8 4
8 18
8 2
8 12
8 11
8 9
8 19
8 16
8 6
8 13
8 10
8 17
8 15
9 4
9 18
9 2
9 12
9 11
9 8
9 13
9 15
9 19
9 17
9 10
9 16
9 6
10 16
11 3
11 18
11 2
11 12
11 6
11 13
11 17
11 9
11 5
11 14
12 3
12 18
12 2
12 11
12 17
12 13
12 6
12 5
12 14
12 9
13 3
13 18
13 2
13 12
13 11
13 9
13 17
13 5
13 14
13 6
14 2
14 12
14 17
14 15
14 5
15 2
15 12
15 17
15 14
15 5
16 4
16 18
16 11
16 8
16 19
16 7
16 6
16 10
17 3
17 2
17 12
17 7
18 6
18 11
18 1
18 15
19 4
19 8
19 9
19 13
19 15
