1 9
1 17
2 15
2 4
2 13
2 3
2 11
2 18
3 15
3 4
3 13
3 2
3 11
3 18
4 6
4 10
4 14
4 9
4 5
4 18
4 1
4 7
5 6
5 10
5 14
5 9
5 4
5 18
5 1
5 7
6 4
6 5
6 1
6 9
6 18
6 7
6 14
6 10
7 10
7 14
7 9
7 5
7 8
7 3
7 1
7 16
8 10
8 14
8 9
8 5
8 7
8 16
8 1
8 3
9 10
9 14
9 8
9 7
9 1
9 5
9 3
9 16
10 14
10 9
10 8
10 7
10 5
10 1
10 16
10 3
11 13
11 12
11 2
11 7
12 13
12 11
12 7
12 2
13 10
13 14
13 5
13 11
13 2
13 12
14 10
14 13
14 5
14 11
14 2
14 12
16 10
16 14
16 4
16 5
16 17
16 18
17 10
17 14
17 4
17 5
17 18
17 16
18 10
18 14
18 4
18 5
18 17
18 16
