1 19
1 17
2 14
2 12
2 3
2 11
2 6
3 14
3 2
3 11
3 12
3 6
4 19
4 18
4 13
4 1
5 14
5 7
5 10
5 3
6 16
6 9
6 7
7 16
7 9
7 6
8 17
8 16
8 4
8 9
8 6
9 16
9 10
9 12
9 2
9 5
10 16
10 9
10 2
10 5
10 12
11 19
11 13
11 1
11 18
12 2
12 7
12 10
12 5
12 8
13 19
13 17
13 16
13 9
13 18
13 14
13 6
13 1
13 7
13 15
13 3
14 19
14 17
14 16
14 9
14 13
14 1
14 3
14 6
14 15
14 7
14 18
15 17
15 16
15 4
15 9
15 6
16 17
16 9
16 15
16 6
16 4
17 16
17 15
17 6
17 9
17 4
18 16
18 9
18 13
18 14
18 3
19 1
19 13
19 18
19 15
19 9
19 16
