1 6
1 14
1 16
1 2
1 4
2 16
2 11
2 1
3 16
3 10
3 4
4 16
4 10
4 3
5 17
5 8
5 13
5 2
5 1
6 18
6 15
6 20
6 16
7 6
7 5
7 17
7 8
7 20
7 15
7 4
7 12
7 19
7 13
8 6
8 5
8 17
8 7
8 15
8 13
8 19
8 12
8 20
8 4
9 6
9 14
9 7
10 3
10 20
10 15
10 2
10 1
11 7
11 9
12 9
12 19
13 16
13 5
13 17
13 10
13 7
13 8
13 19
13 12
13 3
14 16
14 15
14 17
14 20
14 18
14 3
14 10
14 5
14 13
14 8
15 14
15 16
15 5
15 17
15 10
15 20
15 18
15 3
15 8
15 13
16 14
16 17
16 15
16 3
16 10
16 5
16 13
16 8
16 20
16 18
17 14
17 16
17 5
17 13
17 8
17 15
17 3
17 10
17 18
17 20
18 19
18 2
18 12
18 1
19 18
19 12
19 1
19 2
20 10
20 7
20 15
20 9
20 3
20 2
20 1
