1 8
1 2
1 5
1 12
2 1
2 8
2 12
2 5
3 4
3 1
3 11
3 8
3 15
3 5
4 5
4 3
4 8
4 1
4 11
4 15
5 4
5 1
5 11
5 8
5 15
5 3
6 1
6 8
6 7
6 18
6 11
6 5
7 1
7 6
7 11
7 8
7 18
7 5
8 1
8 6
8 11
8 7
8 18
8 5
9 13
9 15
9 3
10 1
10 13
10 6
10 7
10 8
10 16
10 9
10 18
11 17
11 14
11 19
12 17
12 2
12 19
12 14
13 4
13 9
13 5
13 16
13 10
14 1
14 8
14 17
14 10
14 19
14 15
14 3
14 16
15 1
15 8
15 12
15 2
15 3
16 1
16 13
16 11
16 8
16 17
16 10
16 19
16 15
16 14
16 3
16 9
17 1
17 13
17 11
17 8
17 14
17 19
17 16
17 3
17 15
17 9
17 10
18 4
18 7
18 17
18 10
18 12
18 19
18 2
18 14
18 16
19 4
19 7
19 17
19 10
19 12
19 14
19 18
19 16
19 2
