1 3
1 2
1 4
1 17
1 11
1 16
1 15
1 7
1 13
1 10
2 1
2 15
2 10
2 11
2 3
2 17
2 4
2 13
2 16
2 7
3 1
3 15
3 10
3 11
3 2
3 16
3 17
3 4
3 7
3 13
4 1
4 10
4 11
4 12
4 14
4 9
4 17
4 2
4 13
4 6
4 8
4 16
5 3
5 8
5 6
6 3
6 8
6 5
7 15
7 8
7 6
8 15
8 6
8 7
9 15
9 10
9 7
9 13
9 2
10 13
10 2
10 12
11 16
11 12
11 14
12 1
12 15
12 11
12 16
12 4
12 17
12 7
12 8
12 6
13 10
13 12
13 2
13 5
14 15
14 11
14 12
14 18
14 16
14 7
15 7
15 14
15 12
15 18
15 11
15 16
16 11
16 9
16 17
16 4
16 18
17 11
17 9
17 18
17 16
17 4
18 11
18 9
18 17
18 4
18 16
