1 15
1 10
1 18
1 2
1 8
1 7
1 6
1 11
1 12
1 9
2 15
2 10
2 18
2 1
2 11
2 9
2 12
2 8
2 7
2 6
3 4
3 15
3 5
3 11
3 13
3 16
3 9
4 3
4 13
4 9
4 5
4 15
4 11
4 16
5 4
5 15
5 2
5 3
5 11
5 17
5 13
6 10
6 18
6 1
6 7
6 8
6 12
7 4
7 14
7 10
7 18
7 5
7 1
7 6
7 3
7 8
7 16
7 12
7 13
8 1
8 6
8 7
8 9
9 1
9 6
9 8
9 7
10 12
10 18
10 1
10 7
10 6
10 8
11 15
12 10
12 18
12 1
12 6
12 8
12 7
12 17
13 4
14 9
14 15
14 11
14 12
14 18
14 10
15 11
15 12
15 18
15 10
15 16
16 1
16 6
16 8
16 7
17 10
17 18
17 12
18 10
18 17
18 12
