1 2
1 6
1 9
1 17
2 1
2 6
2 9
2 17
3 1
3 2
3 17
3 4
3 6
3 9
3 5
3 7
3 15
3 13
3 8
4 1
4 2
4 17
4 13
4 3
4 5
4 6
4 9
4 8
4 7
4 15
5 1
5 2
5 17
5 4
5 6
5 9
5 3
5 7
5 15
5 8
5 13
6 1
6 9
7 2
7 4
7 13
8 4
8 13
8 3
9 1
9 2
9 16
9 6
9 15
9 7
10 1
10 11
10 18
10 4
10 13
10 9
10 6
11 2
11 10
11 18
11 16
11 17
12 5
12 14
12 8
12 3
13 10
13 11
13 18
13 4
13 14
13 12
14 10
14 11
14 18
14 4
14 13
14 12
15 10
15 11
15 18
15 5
16 2
16 10
16 11
16 18
16 17
17 2
17 10
17 11
17 18
17 16
18 2
18 10
18 11
18 16
18 17
