1 3
1 8
1 15
1 2
1 10
1 9
1 6
1 12
1 14
1 17
1 13
1 4
1 11
2 3
2 8
2 15
2 1
2 4
2 11
2 9
2 10
2 6
2 12
2 14
2 17
2 13
3 1
3 10
3 5
3 8
4 3
4 1
4 5
4 10
4 11
5 3
5 1
5 4
5 10
5 11
6 7
6 14
6 12
6 13
6 11
6 4
6 17
7 6
7 13
7 14
7 17
7 12
7 4
7 11
8 3
8 9
8 17
8 13
8 15
8 1
8 16
8 18
8 10
9 3
9 8
9 15
9 1
9 13
9 18
9 17
9 16
9 10
10 3
10 15
10 1
10 9
10 7
11 6
11 13
11 18
11 14
11 17
11 16
11 12
11 4
12 6
12 13
12 18
12 14
12 17
12 16
12 11
12 4
13 6
13 12
13 11
13 17
13 18
13 16
13 14
13 4
14 6
14 12
15 8
15 16
15 9
15 7
15 18
16 8
16 15
16 18
16 9
16 7
17 13
17 18
17 16
18 2
18 16
