1 2
1 12
1 9
1 17
1 14
2 1
2 9
2 17
2 14
2 12
3 4
3 5
4 3
4 5
5 3
5 4
6 10
6 18
6 19
6 16
6 13
6 14
6 2
7 15
7 8
7 6
7 11
8 7
9 17
9 12
9 5
10 19
10 18
10 12
10 9
10 17
10 3
10 4
11 2
11 14
12 9
12 17
12 4
13 16
13 3
13 1
13 2
13 14
14 6
14 2
14 5
14 11
15 10
15 18
15 17
15 16
15 7
15 8
15 3
15 9
15 12
15 19
15 13
16 10
16 18
16 15
16 7
16 19
16 17
16 13
16 3
16 9
16 12
16 8
17 10
17 18
17 15
17 7
17 19
17 16
17 3
17 9
17 12
17 13
17 8
18 10
18 17
18 15
18 16
18 19
18 7
18 8
18 3
18 9
18 12
18 13
19 10
19 18
