1 2
1 17
1 9
1 13
2 1
2 17
2 9
2 13
3 7
3 8
3 2
3 16
4 7
4 18
4 5
4 11
4 15
4 6
4 13
4 3
5 7
5 18
5 6
5 4
5 13
5 3
5 11
5 15
6 2
6 5
6 10
6 4
6 11
6 15
8 6
8 5
9 18
9 1
9 10
9 4
9 11
9 12
9 17
9 15
10 18
10 1
10 11
10 12
10 9
10 4
10 15
10 17
11 18
11 1
11 10
11 4
11 12
11 15
11 9
11 17
12 18
12 1
12 10
12 4
12 11
12 9
12 17
12 15
13 7
13 5
13 6
13 16
14 1
14 5
14 4
14 11
14 9
14 6
14 16
14 15
14 17
15 1
15 4
15 11
15 9
15 14
15 16
15 17
15 13
16 8
16 5
16 10
16 6
17 1
17 2
17 10
17 9
18 9
18 1
18 17
18 3
18 10
