1 8
1 19
1 14
1 6
2 3
2 18
2 16
3 16
3 2
3 18
4 15
4 9
4 10
4 7
4 6
4 5
4 3
4 16
4 2
4 13
5 15
5 9
5 10
5 4
5 7
5 6
5 13
5 3
5 16
5 2
6 15
6 9
6 10
6 4
6 7
6 5
6 3
6 16
6 13
6 2
7 15
7 9
7 10
7 4
7 6
7 5
7 3
7 16
7 2
7 13
8 14
8 17
9 10
9 7
9 4
9 18
9 11
10 9
10 7
10 4
10 6
10 8
10 14
10 11
11 5
11 3
11 16
11 2
12 15
12 4
12 5
12 13
13 15
13 11
14 15
14 9
14 10
14 4
14 7
14 8
14 1
14 19
14 13
15 13
15 14
15 4
15 7
15 8
15 10
15 9
15 19
15 1
16 3
16 18
16 2
16 17
16 11
17 3
17 18
17 16
17 11
17 2
18 3
18 17
18 16
18 11
18 2
19 9
19 10
19 4
19 7
19 18
19 1
