1 2
1 8
1 16
1 5
1 12
2 1
2 8
2 5
2 16
2 12
3 18
3 2
3 16
3 5
3 12
3 19
3 14
3 17
4 18
4 16
4 15
4 11
4 5
5 18
5 16
5 11
5 3
5 4
6 2
6 10
6 11
6 4
6 9
7 8
7 10
7 9
7 13
7 6
8 7
8 9
8 13
8 6
8 10
9 8
9 10
9 7
9 6
9 13
10 8
10 6
10 9
10 11
10 4
11 18
11 2
11 15
11 10
11 12
11 4
11 6
11 9
12 18
12 2
12 15
12 10
12 11
12 9
12 6
12 4
13 16
13 10
13 5
13 9
13 17
13 14
13 6
14 16
14 10
14 5
14 9
14 17
14 13
14 6
15 8
15 16
15 17
15 6
15 9
15 10
15 12
15 14
15 5
16 8
16 5
16 17
16 15
16 12
16 6
16 9
16 10
16 14
17 8
17 16
17 15
17 10
17 5
17 12
17 9
17 14
17 6
18 19
18 7
18 5
18 16
19 18
19 16
19 5
19 7
