1 5
1 10
1 15
1 8
1 4
1 20
1 2
1 14
1 17
2 5
2 10
2 15
2 8
2 4
2 20
2 1
2 17
2 14
3 13
3 6
4 3
4 10
4 15
4 19
4 8
4 9
4 2
4 17
4 1
4 14
5 20
6 18
6 13
6 7
7 15
7 19
7 8
7 9
7 11
7 1
7 14
8 15
8 19
8 9
8 1
8 7
8 14
8 11
9 15
9 19
9 8
9 7
9 1
9 14
9 11
10 11
10 4
10 17
10 2
10 19
10 9
11 10
11 19
11 9
11 4
11 17
11 2
12 13
12 6
12 16
12 18
12 7
13 6
14 15
14 8
14 4
14 11
14 2
14 1
14 17
15 3
15 18
15 16
15 1
15 14
15 8
15 2
15 4
15 17
16 3
16 18
16 15
16 1
16 14
16 8
16 2
16 4
16 17
17 18
17 4
17 2
18 11
19 5
19 20
19 9
19 11
20 5
20 19
20 9
20 11
