1 20
1 14
1 17
2 11
2 19
2 12
2 10
2 7
2 16
2 1
2 17
3 19
3 7
3 13
3 4
3 1
3 17
3 10
3 5
4 13
4 3
4 1
4 5
4 17
4 9
5 13
5 3
5 1
5 4
5 17
5 9
6 19
6 7
6 18
6 14
6 10
6 1
6 17
7 19
7 6
7 10
7 1
7 17
7 18
7 14
8 15
8 6
8 18
9 19
9 2
9 7
9 12
9 8
9 10
10 19
10 2
10 7
10 12
10 8
10 9
11 16
12 2
12 13
12 14
12 4
12 3
12 8
13 2
13 12
13 8
13 4
13 3
13 14
14 2
14 12
14 8
14 13
14 4
14 3
15 19
15 14
15 18
15 6
15 20
15 10
15 7
16 11
16 1
16 17
17 11
17 1
17 16
18 19
18 6
18 7
18 13
18 14
18 3
18 5
18 10
18 4
18 9
19 18
19 7
19 10
19 6
19 5
19 3
19 9
19 13
19 4
19 14
20 19
20 2
20 6
20 12
20 18
20 10
20 7
