1 12
1 2
1 8
1 11
1 17
1 9
1 6
2 12
2 1
2 11
2 17
2 8
2 9
2 6
3 15
3 7
3 18
3 19
3 10
4 12
4 2
4 14
4 17
4 11
4 16
4 5
4 13
5 12
5 2
5 14
5 17
5 11
5 16
5 4
5 13
6 15
6 1
6 14
6 8
6 10
7 2
7 3
7 19
7 17
7 11
7 6
7 14
8 1
8 9
9 7
9 14
9 3
9 18
10 2
10 17
10 11
11 2
11 17
11 10
12 7
12 3
12 2
12 17
12 11
12 6
13 2
13 17
13 11
13 16
13 5
14 1
14 2
14 8
14 17
14 11
14 6
15 16
15 13
15 5
16 2
16 17
16 11
16 18
16 5
16 13
17 2
17 18
17 11
17 16
17 13
17 5
18 2
18 17
18 11
18 16
18 5
18 13
19 7
19 14
19 3
