1 3
1 2
2 5
2 13
2 11
2 8
3 6
3 7
3 16
3 17
3 12
4 5
4 7
4 3
4 17
4 12
4 16
4 11
4 13
5 4
5 3
5 12
5 17
5 11
5 13
5 7
5 16
6 15
6 1
6 10
7 4
7 12
7 17
7 16
8 9
8 14
8 5
8 18
8 13
8 11
9 14
9 18
9 8
9 5
9 13
9 11
10 9
10 14
10 3
10 5
10 2
10 18
10 13
10 11
11 9
11 14
11 3
11 5
11 2
11 18
11 13
11 10
12 17
12 7
12 16
12 13
12 5
12 11
13 12
13 17
13 5
13 16
13 11
13 7
14 9
14 18
14 8
14 1
14 3
14 6
15 9
15 14
15 12
15 17
15 2
15 18
15 16
15 7
16 9
16 14
16 12
16 17
16 2
16 18
16 7
16 15
17 9
17 14
17 3
17 12
17 7
17 16
17 18
18 9
18 14
18 3
18 12
18 17
18 7
18 16
