1 12
1 14
2 7
2 17
2 19
2 3
3 2
3 7
3 19
3 17
4 6
5 2
5 7
5 6
5 19
5 9
5 8
5 15
5 17
5 10
6 2
6 7
6 5
6 17
6 19
6 10
6 8
6 9
6 15
7 2
7 8
7 17
7 19
7 10
8 2
8 7
8 19
8 10
8 17
9 10
9 5
9 15
9 8
10 9
10 8
10 15
10 5
11 12
11 2
11 7
11 19
11 9
11 14
11 15
11 17
11 1
11 5
11 3
12 14
12 11
12 1
12 5
12 9
12 15
12 3
12 17
12 19
12 2
12 7
13 11
13 4
14 12
14 9
14 8
14 1
14 4
14 15
14 10
14 5
15 12
15 9
15 8
15 16
15 14
15 5
15 10
15 1
16 12
16 9
16 8
16 15
16 10
16 5
16 14
16 1
17 12
17 2
17 7
17 6
17 19
17 16
17 14
17 13
17 1
17 4
18 3
18 16
19 12
19 2
19 7
19 17
19 1
19 14
