1 8
1 10
1 4
2 18
2 13
2 14
2 5
2 15
2 3
2 9
3 18
3 13
3 14
3 5
3 2
3 9
3 15
4 17
4 8
4 5
4 10
4 7
4 16
5 12
5 6
5 1
6 8
6 12
6 10
6 4
7 17
7 13
7 8
7 2
7 6
7 12
7 10
7 11
7 16
7 1
7 15
8 17
8 13
8 7
8 10
8 2
8 15
8 12
8 6
8 16
8 1
8 11
9 18
9 14
10 18
10 17
10 8
10 14
10 9
10 1
10 7
10 16
10 11
11 18
11 13
11 14
11 9
12 18
12 13
12 14
12 3
12 6
12 9
13 18
13 14
13 12
13 9
13 3
13 6
14 18
14 13
14 9
14 12
14 6
14 3
15 13
15 2
15 11
16 17
16 7
17 18
17 7
17 16
17 8
17 10
17 11
17 14
17 9
17 4
17 1
17 13
18 17
18 14
18 9
18 11
18 10
18 4
18 7
18 16
18 13
18 8
18 1
