1 2
1 17
1 8
1 18
1 11
1 14
2 1
2 8
2 11
2 18
2 17
2 14
3 5
3 4
3 12
3 7
3 15
3 14
4 5
4 3
4 15
4 7
4 12
4 14
5 3
5 4
5 7
5 14
5 12
5 15
6 16
6 3
6 9
6 11
6 7
6 18
6 2
6 12
7 16
7 3
7 9
7 11
7 6
7 18
7 2
7 12
8 1
8 17
8 13
8 15
9 3
9 11
9 10
9 18
9 2
9 7
9 12
10 3
10 9
10 11
10 18
10 2
10 12
10 7
11 3
11 9
11 18
11 10
11 2
11 12
11 7
12 16
12 8
12 3
12 6
13 8
14 5
14 9
14 15
15 5
15 9
15 14
16 6
16 9
16 18
16 11
16 2
16 15
16 7
16 5
16 10
17 1
17 5
17 3
17 9
17 11
17 18
17 12
17 4
17 2
18 16
18 1
18 11
18 6
18 2
18 17
