1 4
1 3
1 2
1 15
1 5
1 14
1 9
1 11
1 17
1 8
2 4
2 3
2 1
2 14
2 5
2 15
2 11
2 9
2 8
2 17
3 4
3 2
3 1
3 5
3 14
3 15
3 17
3 8
3 11
3 9
4 2
4 1
4 3
4 14
4 15
4 11
4 9
4 5
4 8
4 17
5 3
5 10
5 6
6 3
6 10
6 5
7 3
7 1
7 11
7 5
7 12
7 15
7 18
8 20
8 1
8 9
8 15
9 20
9 1
9 8
9 15
10 3
10 6
10 5
10 17
10 8
11 4
11 2
11 13
11 14
11 19
12 13
12 7
12 19
13 12
13 19
13 7
14 3
14 2
14 13
14 11
14 19
14 5
15 2
15 1
15 13
15 14
15 19
16 4
16 3
16 1
16 5
16 17
16 15
16 18
17 4
17 3
17 1
17 5
17 16
17 15
17 18
18 13
19 20
19 1
19 15
19 17
20 19
20 1
20 15
20 17
