1 6
1 10
1 11
1 12
1 15
2 14
2 6
2 10
2 16
2 1
2 19
3 14
3 15
3 17
4 5
4 3
4 15
4 16
5 4
5 3
5 16
5 15
6 14
6 1
6 10
6 2
6 7
6 9
7 6
7 1
7 8
7 13
7 10
7 16
7 9
8 6
8 1
8 13
8 7
8 10
8 16
8 9
9 6
9 2
9 1
9 15
9 8
9 13
9 11
9 10
9 12
9 7
9 4
9 19
10 6
10 2
10 1
10 15
10 8
10 13
10 11
10 9
10 4
10 7
10 12
10 19
11 6
11 2
11 1
11 15
11 8
11 13
11 9
11 12
11 10
11 19
11 4
11 7
12 15
12 17
12 8
12 13
12 11
13 15
13 17
13 8
13 12
13 11
15 3
15 4
16 8
16 13
17 14
17 18
17 19
17 16
18 14
18 17
18 16
18 19
19 14
