1 6
1 2
1 16
1 9
1 3
1 17
1 11
1 13
2 6
2 3
2 1
2 17
2 13
2 9
2 11
2 16
3 6
3 2
3 16
3 9
3 1
3 13
3 17
3 11
4 19
4 5
5 14
5 19
5 7
5 6
5 10
5 2
5 15
5 16
5 8
6 14
6 19
6 7
6 16
6 5
6 2
6 8
6 15
6 10
7 14
7 19
7 6
7 8
7 5
7 2
7 16
7 15
7 10
8 7
8 2
9 19
9 5
9 2
9 1
9 10
10 18
10 9
10 1
10 11
10 3
10 13
11 18
11 9
11 1
11 10
11 13
11 3
12 13
12 15
13 12
13 15
14 16
14 15
14 6
14 10
15 14
15 6
15 16
15 10
16 14
16 6
16 15
16 10
17 18
17 9
17 1
17 13
18 17
18 1
18 9
18 13
19 5
19 6
19 9
19 2
19 16
19 1
