1 6
1 5
1 17
1 9
1 14
2 4
2 9
2 5
2 17
2 14
2 16
2 19
3 18
3 5
3 12
3 4
3 6
3 1
3 17
3 9
3 7
3 14
3 2
4 3
4 2
4 5
4 12
4 14
4 17
4 9
4 6
4 1
4 7
4 18
5 3
5 4
5 2
5 18
5 6
5 17
5 9
5 12
5 1
5 14
5 7
6 1
7 19
7 16
7 8
8 19
8 16
8 7
9 10
9 4
9 2
9 19
9 16
9 20
9 6
9 5
9 17
9 1
10 9
10 20
10 16
10 19
10 6
10 1
10 5
10 17
10 4
10 2
11 13
11 8
12 3
12 4
12 2
12 18
12 14
14 15
14 3
14 4
14 2
14 18
14 12
15 14
15 18
15 12
15 3
15 4
15 2
16 19
16 17
16 9
16 14
16 5
16 1
16 6
17 19
17 16
17 6
17 5
17 9
17 14
17 1
18 3
18 19
18 12
18 6
18 1
18 8
18 16
19 3
19 16
19 18
19 8
19 12
19 6
19 1
20 10
20 13
20 7
