1 6
1 7
1 14
2 11
2 9
2 17
2 12
2 16
2 19
3 11
3 2
3 4
3 15
3 10
4 11
4 2
4 3
4 15
4 10
5 9
5 17
5 1
5 4
5 6
5 7
5 19
5 12
5 3
5 15
6 1
6 5
6 7
7 11
7 9
7 17
7 1
7 2
7 18
7 3
7 12
7 13
7 6
7 15
7 19
7 8
8 11
8 9
8 17
8 1
8 2
8 18
8 3
8 12
8 13
8 6
8 15
8 19
8 7
9 11
9 19
9 12
9 7
9 17
9 8
9 2
9 18
9 13
9 3
9 15
9 6
9 1
10 11
10 2
10 18
10 13
11 2
11 10
11 18
11 13
12 11
12 9
12 17
12 2
12 19
13 1
13 14
13 18
13 7
13 6
14 13
14 18
15 9
15 17
15 14
15 3
15 12
15 16
15 19
16 9
16 17
16 5
16 12
16 19
17 9
17 19
17 12
17 16
17 5
18 9
18 17
18 19
18 13
18 12
19 9
19 17
19 18
19 12
19 13
