1 4
1 11
1 15
1 7
1 13
1 2
1 12
2 4
2 11
2 15
2 7
2 13
2 1
2 12
3 17
3 7
3 1
4 11
4 5
4 19
5 9
5 18
5 16
5 1
6 8
6 5
6 2
7 8
8 7
9 4
9 11
9 17
9 10
9 3
10 4
10 11
10 17
10 9
10 3
11 4
11 12
11 10
11 2
11 1
11 13
11 6
11 15
12 4
12 11
12 15
12 13
12 10
12 2
12 6
12 1
13 4
13 11
13 15
13 12
13 1
13 18
13 16
14 6
14 2
15 4
15 11
15 17
15 16
15 13
15 12
15 3
15 18
15 10
16 4
16 11
16 15
16 17
16 13
16 3
16 10
16 18
16 12
17 4
17 11
17 15
17 16
17 3
17 13
17 12
17 18
17 10
18 8
18 5
18 16
18 2
19 9
19 7
