1 9
1 11
2 16
2 13
2 7
2 5
2 12
2 3
3 16
3 13
3 7
3 5
3 12
3 2
4 6
4 3
4 7
5 16
5 15
5 17
5 12
5 2
6 4
6 10
6 7
6 3
7 16
7 13
7 14
7 3
7 8
7 12
7 5
7 18
8 16
8 13
8 14
8 7
8 5
8 12
8 18
8 3
9 13
10 16
10 11
10 3
10 7
10 5
10 12
11 16
11 4
11 13
11 5
11 12
12 16
12 4
12 13
12 5
12 11
13 16
13 4
13 12
13 11
13 5
14 4
14 13
14 8
14 18
14 10
14 9
14 6
14 1
14 15
14 17
15 16
15 13
15 17
15 12
15 5
15 1
15 2
16 15
16 12
16 5
16 17
16 1
16 13
16 2
17 4
17 14
17 9
17 15
17 18
17 8
17 7
17 3
18 4
18 14
18 9
18 15
18 17
18 7
18 8
18 3
