1 20
1 16
1 3
1 2
1 13
1 4
1 15
1 8
2 20
2 16
2 3
2 8
2 1
2 4
2 15
2 13
3 20
3 16
3 1
3 2
3 4
3 15
3 8
3 13
4 20
4 16
4 3
4 2
4 13
4 1
4 15
4 8
5 9
5 20
5 2
5 1
5 8
6 10
6 2
6 18
6 11
6 8
6 7
7 10
7 2
7 18
7 11
7 8
7 6
8 2
8 12
8 7
8 19
9 10
9 5
9 18
9 11
10 9
10 18
10 11
10 5
11 10
11 18
11 14
12 20
12 16
12 10
12 2
12 18
12 11
12 13
12 1
12 4
12 8
12 6
12 19
13 16
13 4
13 14
13 7
14 16
14 3
14 13
14 4
14 12
14 15
14 19
15 16
15 3
15 13
15 4
15 12
15 14
15 19
16 13
16 14
16 4
16 15
16 12
16 19
16 3
17 9
17 3
17 10
17 18
17 11
17 5
17 15
18 9
18 3
18 10
18 17
18 11
18 15
18 5
19 20
19 3
19 10
19 18
19 11
19 1
19 12
19 15
20 1
20 19
20 3
20 15
20 12
20 18
20 11
20 10
