1 7
1 4
1 2
1 3
1 5
1 18
2 7
2 4
2 1
2 3
2 5
2 18
3 7
3 4
3 1
3 2
3 5
3 18
4 7
4 1
4 10
4 11
5 6
5 14
5 15
5 8
5 17
5 3
5 13
5 16
6 5
6 13
6 15
6 17
6 16
6 14
6 8
6 3
7 4
7 1
7 2
8 14
8 5
8 3
8 18
9 6
9 15
9 17
9 19
9 13
10 7
10 4
10 1
10 15
10 11
10 13
11 6
11 17
11 10
12 14
12 8
12 16
13 14
13 15
13 8
13 12
13 18
14 8
14 13
14 18
14 12
14 15
15 6
15 13
16 6
16 2
16 10
16 11
16 12
16 3
16 5
17 7
17 4
17 1
17 18
17 19
17 11
17 10
17 9
18 7
18 4
18 1
18 17
18 10
18 11
18 19
18 9
19 7
19 4
19 1
19 17
19 10
19 11
19 18
19 9
