1 18
1 10
1 4
1 2
1 11
1 7
1 17
1 14
2 18
2 10
2 4
2 1
2 11
2 17
2 14
2 7
3 11
3 2
3 17
3 8
3 12
4 14
4 13
5 11
5 16
5 2
5 6
5 17
6 13
6 3
6 16
7 18
7 16
7 6
7 12
7 8
8 18
8 16
8 6
8 12
8 7
9 12
9 15
9 8
10 18
10 1
10 11
10 2
10 3
10 17
10 7
10 14
10 4
11 18
11 10
11 4
11 1
11 3
11 2
11 17
11 7
11 14
12 4
12 13
12 14
12 8
12 15
13 4
13 12
13 14
13 8
13 15
14 4
14 13
14 12
14 8
14 15
15 11
15 16
15 2
15 6
15 17
15 5
16 11
16 6
16 15
16 5
16 2
16 17
17 13
17 11
17 2
17 5
18 7
18 16
18 6
18 12
18 8
18 10
18 1
18 4
18 14
