1 19
1 9
1 17
1 2
1 5
2 19
2 9
2 17
2 1
2 5
3 4
4 3
4 18
4 7
4 10
4 13
5 19
5 10
5 15
5 8
6 3
6 19
6 18
6 4
6 14
6 16
6 5
6 7
7 19
7 10
7 9
7 8
7 5
7 15
7 1
7 17
7 13
8 19
8 10
8 9
8 7
8 15
8 17
8 5
8 1
8 13
9 19
9 10
9 7
9 8
9 1
9 15
9 17
9 13
9 5
10 18
10 11
10 9
10 7
10 8
10 15
11 18
11 10
11 9
11 7
11 15
11 8
13 3
13 4
14 9
14 6
14 15
14 17
14 16
14 1
14 8
15 9
15 6
15 8
15 16
15 14
15 17
15 1
16 9
16 6
16 15
16 17
16 14
16 8
16 1
17 9
17 6
17 15
17 1
17 16
17 14
17 8
18 9
18 12
19 3
19 5
19 9
19 4
20 12
20 15
20 8
