1 13
1 10
1 3
1 2
1 5
1 17
1 15
1 7
2 13
2 1
2 3
2 7
2 10
2 17
2 15
2 5
3 12
3 4
3 13
3 1
3 11
3 5
3 10
3 6
3 16
3 17
3 15
3 8
4 12
4 16
4 3
4 15
4 13
4 5
4 10
4 1
4 6
4 11
4 8
4 17
5 1
5 11
5 3
5 6
5 10
5 2
6 1
6 11
6 3
6 5
6 2
6 10
7 13
7 1
7 3
7 17
7 15
7 10
7 5
7 8
8 12
8 1
8 3
8 7
8 10
8 5
8 14
8 9
9 12
9 4
9 11
9 6
9 16
10 1
10 11
10 3
10 6
10 5
10 2
10 18
10 9
11 1
11 10
11 6
11 18
11 9
11 2
11 3
11 5
13 12
13 1
13 3
13 5
13 10
14 4
14 11
14 6
14 17
14 2
14 15
14 16
15 4
15 11
15 6
15 17
15 2
15 16
15 14
16 4
16 11
16 6
16 17
16 2
16 15
16 14
17 12
17 15
17 18
17 14
17 2
18 12
18 17
18 2
18 15
18 14
