1 3
2 9
2 13
3 9
3 15
3 12
3 7
3 14
4 6
4 17
4 9
5 6
5 10
5 15
5 11
5 12
5 13
5 7
5 2
5 17
6 5
6 17
6 12
6 11
6 13
6 2
6 10
6 15
6 7
7 6
7 8
7 15
7 12
7 17
7 16
8 16
8 10
8 9
8 3
8 11
8 14
8 1
9 8
9 10
9 3
9 14
9 11
9 1
9 16
10 8
10 9
10 11
10 1
10 3
10 16
10 14
11 6
11 8
11 9
11 15
11 13
11 12
11 16
11 17
11 2
11 7
11 14
12 6
12 8
12 9
12 15
12 11
12 13
12 7
12 2
12 14
12 17
12 16
13 6
13 8
13 9
13 15
13 11
13 12
13 2
13 7
13 14
13 17
13 16
14 11
15 4
15 7
15 12
15 3
15 2
15 13
16 8
17 6
17 4
17 10
