1 15
1 16
1 12
1 9
1 10
1 6
1 19
1 11
2 20
2 5
2 17
2 10
2 1
3 2
3 13
3 4
3 14
4 8
4 2
4 20
4 19
4 13
4 5
4 17
5 8
5 2
5 20
5 19
5 13
5 4
5 17
6 18
6 15
6 12
6 7
7 18
7 19
7 3
8 15
8 1
8 10
8 12
8 6
8 19
9 15
9 16
9 12
9 13
9 4
9 6
9 2
9 14
10 18
10 15
10 12
10 7
10 11
10 1
10 6
10 3
11 18
11 15
11 12
11 7
11 10
11 3
11 6
11 1
12 18
12 15
12 10
12 6
12 11
12 1
12 3
12 7
13 16
13 9
13 2
13 4
13 11
14 15
14 8
14 12
14 10
14 6
14 1
15 14
15 12
15 6
15 8
15 1
15 10
16 15
16 9
16 17
16 12
16 6
16 20
16 5
17 15
17 16
17 12
17 9
17 6
17 20
17 5
18 7
18 8
18 3
20 8
20 3
20 17
20 5
