1 8
1 5
1 16
2 3
2 1
3 2
3 4
3 6
3 12
4 2
4 3
5 17
5 6
5 7
5 16
5 12
5 18
5 15
5 9
6 17
6 5
6 7
6 12
6 16
6 15
6 18
6 9
7 17
7 5
7 6
7 18
7 9
7 15
7 16
7 12
9 2
9 3
9 17
9 7
9 18
9 10
9 15
10 2
10 3
10 17
10 6
10 7
10 18
10 11
10 1
10 13
10 12
10 14
11 2
11 3
11 17
11 6
11 7
11 18
11 10
11 14
11 12
11 13
11 1
12 6
12 13
13 17
13 7
13 18
13 1
14 2
14 3
14 17
14 7
14 18
14 4
15 5
15 6
15 16
15 11
15 9
15 13
15 12
16 5
16 6
16 15
16 11
16 12
16 13
16 9
17 7
17 18
17 11
17 6
17 12
17 14
17 4
18 17
18 7
18 10
