1 3
1 7
1 11
1 2
1 4
1 6
1 5
1 9
1 15
1 16
2 3
2 7
2 11
2 1
2 6
2 4
2 5
2 16
2 9
2 15
3 11
3 2
3 1
3 5
3 4
3 16
3 6
3 7
3 9
3 15
4 3
4 7
4 11
4 1
4 2
4 6
4 5
4 15
4 16
4 9
5 8
5 3
5 10
5 11
5 14
6 3
6 11
6 2
6 16
6 19
6 5
7 9
7 15
7 12
7 10
7 14
7 20
8 9
8 19
8 7
8 15
8 12
9 8
9 7
9 15
9 19
9 12
10 8
10 3
10 11
10 14
10 5
10 20
10 1
11 8
11 3
11 10
11 5
11 14
11 1
11 20
12 10
12 14
12 18
12 20
13 8
14 7
14 10
14 15
14 9
15 7
15 10
15 9
15 14
17 2
17 6
17 12
17 13
18 10
18 2
18 6
18 14
19 2
19 6
19 20
19 13
19 16
20 2
20 6
20 19
20 16
20 13
