1 15
1 18
1 2
2 3
2 13
2 15
2 1
2 18
2 4
2 5
3 2
3 13
3 18
3 4
3 5
3 1
3 15
4 3
4 13
4 12
5 14
5 17
5 9
6 14
6 17
6 10
6 9
6 8
6 7
6 4
7 14
7 17
7 10
7 9
7 8
7 6
7 4
8 14
8 17
8 10
8 9
8 7
8 6
8 4
9 14
9 17
9 10
9 8
10 14
10 17
10 8
10 9
11 3
11 13
11 6
11 16
11 4
12 3
12 13
12 2
13 14
13 17
13 3
13 4
13 2
13 8
13 10
13 9
14 17
14 9
14 4
14 8
14 10
14 2
14 5
15 14
15 17
15 12
15 9
15 1
15 16
15 18
15 4
15 11
16 14
16 17
16 12
16 9
16 15
16 1
16 18
16 11
16 4
17 14
17 16
17 9
17 15
17 11
17 4
17 12
17 1
17 18
18 3
18 13
18 12
18 15
18 1
